id	vip0	vip1	vip2	vip3	vip4	vip5	vip6	vip7	vip8	vip9	vip10	vip11	vip12	vip13	vip14	vip15	TAB_VERSION
20020	13	13	13	13	13	13	13	13	13	13	13	13	13	13	13	13	2018042400
20036	28800	28800	28800	28800	28800	28800	28800	28800	28800	28800	28800	28800	28800	28800	28800	28800	
20065	0.05	0.05	0.05	0.05	0.05	0.05	0.05	0.05	0.05	0.05	0.05	0.05	0.05	0.05	0.05	0.05	
20070	100000000	100000000	100000000	100000000	100000000	100000000	100000000	100000000	100000000	100000000	100000000	100000000	100000000	100000000	100000000	100000000	
20075	3	3	3	3	3	3	3	3	3	3	3	3	3	3	3	3	
20100	200	200	200	200	200	200	200	200	200	200	200	200	200	200	200	200	
20101	5	5	5	5	5	5	5	5	5	5	5	5	5	5	5	5	
20102	6	6	6	6	6	6	6	6	6	6	6	6	6	6	6	6	
20137	80	80	80	80	80	80	80	80	80	80	80	80	80	80	80	80	
20147	12|5	12|10	12|20	12|30	13|40	13|50	14|60	14|70	15|80	15|90	16|100	16|110	18|120	18|140	20|160	20|180	
20150	0.3	0.3	0.3	0.3	0.3	0.3	0.3	0.3	0.3	0.3	0.3	0.3	0.3	0.3	0.3	0.3	
20151	400	400	400	400	400	400	400	400	400	400	400	400	400	400	400	400	
20161	100	100	100	100	100	100	100	100	100	100	100	100	100	100	100	100	
20167	105000	105000	105000	105000	105000	105000	105000	105000	105000	105000	105000	105000	105000	105000	105000	105000	
20171	14	14	14	14	14	14	14	14	14	14	14	14	14	14	14	14	
20173	3600	3600	3600	3600	3600	3600	3600	3600	3600	3600	3600	3600	3600	3600	3600	3600	
20174	1	1	2	3	4	5	6	7	7	7	7	7	7	7	7	7	
20176	12	12	12	12	12	12	12	12	12	12	12	12	12	12	12	12	
20187	10:00:00	10:00:00	10:00:00	10:00:00	10:00:00	10:00:00	10:00:00	10:00:00	10:00:00	10:00:00	10:00:00	10:00:00	10:00:00	10:00:00	10:00:00	10:00:00	
20188	10:00:00	10:00:00	10:00:00	10:00:00	10:00:00	10:00:00	10:00:00	10:00:00	10:00:00	10:00:00	10:00:00	10:00:00	10:00:00	10:00:00	10:00:00	10:00:00	
20201	0.85|233|0.8|0.55|2.5	0.85|233|0.8|0.55|2.5	0.85|233|0.8|0.55|2.5	0.85|233|0.8|0.55|2.5	0.85|233|0.8|0.55|2.5	0.85|233|0.8|0.55|2.5	0.85|233|0.8|0.55|2.5	0.85|233|0.8|0.55|2.5	0.85|233|0.8|0.55|2.5	0.85|233|0.8|0.55|2.5	0.85|233|0.8|0.55|2.5	0.85|233|0.8|0.55|2.5	0.85|233|0.8|0.55|2.5	0.85|233|0.8|0.55|2.5	0.85|233|0.8|0.55|2.5	0.85|233|0.8|0.55|2.5	
20203	2.1|2.1|5000	2.1|2.1|5000	2.1|2.1|5000	2.1|2.1|5000	2.1|2.1|5000	2.1|2.1|5000	2.1|2.1|5000	2.1|2.1|5000	2.1|2.1|5000	2.1|2.1|5000	2.1|2.1|5000	2.1|2.1|5000	2.1|2.1|5000	2.1|2.1|5000	2.1|2.1|5000	2.1|2.1|5000	
20204	2.1|2.1|6400	2.1|2.1|6400	2.1|2.1|6400	2.1|2.1|6400	2.1|2.1|6400	2.1|2.1|6400	2.1|2.1|6400	2.1|2.1|6400	2.1|2.1|6400	2.1|2.1|6400	2.1|2.1|6400	2.1|2.1|6400	2.1|2.1|6400	2.1|2.1|6400	2.1|2.1|6400	2.1|2.1|6400	
20205	2.1|2.1|6400	2.1|2.1|6400	2.1|2.1|6400	2.1|2.1|6400	2.1|2.1|6400	2.1|2.1|6400	2.1|2.1|6400	2.1|2.1|6400	2.1|2.1|6400	2.1|2.1|6400	2.1|2.1|6400	2.1|2.1|6400	2.1|2.1|6400	2.1|2.1|6400	2.1|2.1|6400	2.1|2.1|6400	
20206	20|1800|0	20|1800|0	20|1800|0	20|1800|0	20|1800|0	20|1800|0	20|1800|0	20|1800|0	20|1800|0	20|1800|0	20|1800|0	20|1800|0	20|1800|0	20|1800|0	20|1800|0	20|1800|0	
20209	1000	1000	1000	1000	1000	1000	1000	1000	1000	1000	1000	1000	1000	1000	1000	1000	
20210	3:00:00	3:00:00	3:00:00	3:00:00	3:00:00	3:00:00	3:00:00	3:00:00	3:00:00	3:00:00	3:00:00	3:00:00	3:00:00	3:00:00	3:00:00	3:00:00	
20211	20	20	20	20	20	20	20	20	20	20	20	20	20	20	20	20	
20212	20	20	20	20	20	20	20	20	20	20	20	20	20	20	20	20	
20236	36	40	48	60	72	84	96	108	120	132	144	156	168	180	192	204	
20237	2	3	4	5	6	7	8	9	10	11	12	13	14	15	16	17	
20241	2	2	2	2	2	2	2	2	2	2	2	2	2	2	2	2	
20258	300	300	300	300	300	300	300	300	300	300	300	300	300	300	300	300	
20272	10000	10000	10000	10000	10000	10000	10000	10000	10000	10000	10000	10000	10000	10000	10000	10000	
20337	10000	10000	10000	10000	10000	10000	10000	10000	10000	10000	10000	10000	10000	10000	10000	10000	
20277	604800	604800	604800	604800	604800	604800	604800	604800	604800	604800	604800	604800	604800	604800	604800	604800	
20306	100	100	100	100	100	100	100	100	100	100	100	100	100	100	100	100	
20309	2	2	2	2	2	2	2	2	2	2	2	2	2	2	2	2	
20311	7	7	7	7	7	7	7	7	7	7	7	7	7	7	7	7	
20317	6	6	6	6	6	6	6	6	6	6	6	6	6	6	6	6	
20404	150	150	150	150	150	150	150	150	150	150	150	150	150	150	150	150	
20405	30	30	30	30	30	30	30	30	30	30	30	30	30	30	30	30	
20406	40	40	40	40	40	40	40	40	40	40	40	40	40	40	40	40	
20407	5	5	5	5	5	5	5	5	5	5	5	5	5	5	5	5	
20409	64800	64800	64800	64800	64800	64800	64800	64800	64800	64800	64800	64800	64800	64800	64800	64800	
20411	240	240	240	240	240	252	252	252	252	252	252	252	252	252	252	252	
20415	12	12	12	12	12	12	12	12	12	12	12	12	12	12	12	12	
20417	5	5	5	5	5	5	5	5	5	5	5	5	5	5	5	5	
20425	5	5	5	5	5	5	5	5	5	5	5	5	5	5	5	5	
20436	12	12	12	12	12	12	12	12	12	12	12	12	12	12	12	12	
20437	153	153	153	153	153	153	153	153	153	153	153	153	153	153	153	153	
20446	1	2	3	4	5	5	5	5	5	5	5	5	5	5	5	5	
20447	2	2	3	3	4	4	5	5	6	6	7	8	9	10	10	10	
20450	9	9	9	9	9	9	9	9	9	9	9	9	9	9	9	9	
20475	9	9	9	9	9	9	9	9	9	9	9	9	9	9	9	9	
20476	3600	3600	3600	3600	3600	3600	3600	3600	3600	3600	3600	3600	3600	3600	3600	3600	
20480	30	30	30	30	30	30	30	30	30	30	30	30	30	30	30	30	
20491	2	2	2	2	2	2	2	2	2	2	2	2	2	2	2	2	
20492	2	2	2	2	2	2	2	2	2	2	2	2	2	2	2	2	
20493	40|30|30	40|30|30	40|30|30	40|30|30	40|30|30	40|30|30	40|30|30	40|30|30	40|30|30	40|30|30	40|30|30	40|30|30	40|30|30	40|30|30	40|30|30	40|30|30	
20498	20|5|100	20|5|100	20|5|100	20|5|100	20|5|100	20|5|100	20|5|100	20|5|100	20|5|100	20|5|100	20|5|100	20|5|100	20|5|100	20|5|100	20|5|100	20|5|100	
20499	20|5	20|5	20|5	20|5	20|5	20|5	20|5	20|5	20|5	20|5	20|5	20|5	20|5	20|5	20|5	20|5	
20523	20	20	20	20	20	20	20	20	20	20	20	20	20	20	20	20	
20526	30	30	30	30	30	30	30	30	30	30	30	30	30	30	30	30	
20528	5000	5000	5000	5000	5000	5000	5000	5000	5000	5000	5000	5000	5000	5000	5000	5000	
20530	250	250	250	250	250	250	250	250	250	250	250	250	250	250	250	250	
20557	0	0	0	0	0	0	0	0	0	0	0	0	0	0	0	0	
20574	-1	20	20	20	20	20	20	20	20	20	20	20	20	20	20	20	
20575	30	30	30	30	30	30	30	30	30	30	30	30	30	30	30	30	
20585	255|200|200|255	255|200|200|255	255|200|200|255	255|200|200|255	255|200|200|255	255|200|200|255	255|200|200|255	255|200|200|255	255|200|200|255	255|200|200|255	255|200|200|255	255|200|200|255	255|200|200|255	255|200|200|255	255|200|200|255	255|200|200|255	
20586	255|255|0|255	255|255|0|255	255|255|0|255	255|255|0|255	255|255|0|255	255|255|0|255	255|255|0|255	255|255|0|255	255|255|0|255	255|255|0|255	255|255|0|255	255|255|0|255	255|255|0|255	255|255|0|255	255|255|0|255	255|255|0|255	
20587	0|255|0|255	0|255|0|255	0|255|0|255	0|255|0|255	0|255|0|255	0|255|0|255	0|255|0|255	0|255|0|255	0|255|0|255	0|255|0|255	0|255|0|255	0|255|0|255	0|255|0|255	0|255|0|255	0|255|0|255	0|255|0|255	
20588	255|150|50|255	255|150|50|255	255|150|50|255	255|150|50|255	255|150|50|255	255|150|50|255	255|150|50|255	255|150|50|255	255|150|50|255	255|150|50|255	255|150|50|255	255|150|50|255	255|150|50|255	255|150|50|255	255|150|50|255	255|150|50|255	
20589	30|180|230|255	30|180|230|255	30|180|230|255	30|180|230|255	30|180|230|255	30|180|230|255	30|180|230|255	30|180|230|255	30|180|230|255	30|180|230|255	30|180|230|255	30|180|230|255	30|180|230|255	30|180|230|255	30|180|230|255	30|180|230|255	
20601	5	5	5	5	5	5	5	5	5	5	5	5	5	5	5	5	
20618	1000	1000	1000	1000	1000	1000	1000	1000	1000	1000	1000	1000	1000	1000	1000	1000	
20637	-1	-1	50	50	50	50	50	50	50	50	50	50	50	50	50	50	
20638	-1	-1	-1	-1	-1	-1	-1	100	100	100	100	100	100	100	100	100	
20643	1000	1000	1000	1000	1000	1000	1000	1000	1000	1000	1000	1000	1000	1000	1000	1000	
20644	1000	1000	1000	1000	1000	1000	1000	1000	1000	1000	1000	1000	1000	1000	1000	1000	
20645	0	0	0	0	0	0	0	0	0	0	0	0	0	0	0	0	
20646	100	100	100	100	100	100	100	100	100	100	100	100	100	100	100	100	
20647	20	20	20	20	20	20	20	20	20	20	20	20	20	20	20	20	
20650	4	4	4	4	4	4	4	4	4	4	4	4	4	4	4	4	
20656	300	300	300	300	300	300	300	300	300	300	300	300	300	300	300	300	
20657	5	5	5	5	5	5	5	5	5	5	5	5	5	5	5	5	
20658	10:00:00	10:00:00	10:00:00	10:00:00	10:00:00	10:00:00	10:00:00	10:00:00	10:00:00	10:00:00	10:00:00	10:00:00	10:00:00	10:00:00	10:00:00	10:00:00	
20659	19:59:00	19:59:00	19:59:00	19:59:00	19:59:00	19:59:00	19:59:00	19:59:00	19:59:00	19:59:00	19:59:00	19:59:00	19:59:00	19:59:00	19:59:00	19:59:00	
20663	5	5	5	5	5	5	5	5	5	5	5	5	5	5	5	5	
20666	300	300	300	300	300	300	300	300	300	300	300	300	300	300	300	300	
20672	1	1	2	3	4	5	6	7	8	9	10	11	12	13	14	15	
20673	1	1	2	2	4	4	8	8	10	10	20	20	20	20	20	20	
20674	0	20	40	60	80	100	120	140	160	180	200	220	240	260	280	300	
20683	100|255|255|255	100|255|255|256	100|255|255|257	100|255|255|258	100|255|255|259	100|255|255|260	100|255|255|261	100|255|255|262	100|255|255|263	100|255|255|264	100|255|255|265	100|255|255|265	100|255|255|265	100|255|255|265	100|255|255|265	100|255|255|265	
20685	12:30:00	12:30:00	12:30:00	12:30:00	12:30:00	12:30:00	12:30:00	12:30:00	12:30:00	12:30:00	12:30:00	12:30:00	12:30:00	12:30:00	12:30:00	12:30:00	
20686	13:35:00	13:35:00	13:35:00	13:35:00	13:35:00	13:35:00	13:35:00	13:35:00	13:35:00	13:35:00	13:35:00	13:35:00	13:35:00	13:35:00	13:35:00	13:35:00	
20687	20:00:00	20:00:00	20:00:00	20:00:00	20:00:00	20:00:00	20:00:00	20:00:00	20:00:00	20:00:00	20:00:00	20:00:00	20:00:00	20:00:00	20:00:00	20:00:00	
20688	22:00:00	22:00:00	22:00:00	22:00:00	22:00:00	22:00:00	22:00:00	22:00:00	22:00:00	22:00:00	22:00:00	22:00:00	22:00:00	22:00:00	22:00:00	22:00:00	
20692	0.01	0.01	0.01	0.01	0.01	0.01	0.01	0.01	0.01	0.01	0.01	0.01	0.01	0.01	0.01	0.01	
20693	10	10	10	10	10	10	10	10	10	10	10	10	10	10	10	10	
20694	0.0001	0.0001	0.0001	0.0001	0.0001	0.0001	0.0001	0.0001	0.0001	0.0001	0.0001	0.0001	0.0001	0.0001	0.0001	0.0001	
20695	1	1	1	1	1	1	1	1	1	1	1	1	1	1	1	1	
20696	100	100	100	100	100	100	100	100	100	100	100	100	100	100	100	100	
20697	1|1	1|1	1|1	1|1	1|1	1|1	1|1	1|1	1|1	1|1	1|1	1|1	1|1	1|1	1|1	1|1	
20698	0.2	0.2	0.2	0.2	0.2	0.2	0.2	0.2	0.2	0.2	0.2	0.2	0.2	0.2	0.2	0.2	
20699	60	60	60	60	60	60	60	60	60	60	60	60	60	60	60	60	
20682	100	100	100	100	100	100	100	100	100	100	100	100	100	100	100	100	
20704	10	10	10	10	10	10	10	10	10	10	10	10	10	10	10	10	
20725	8	8	8	8	8	8	8	8	8	8	8	8	8	8	8	8	
20726	0|0|0	0|0|0	0|0|0	0|0|0	0|0|0	0|0|0	0|0|0	0|0|0	0|0|0	0|0|0	0|0|0	0|0|0	0|0|0	0|0|0	0|0|0	0|0|0	
20727	0.00001|0.17|0.0000001|0.004	0.00001|0.17|0.0000001|0.004	0.00001|0.17|0.0000001|0.004	0.00001|0.17|0.0000001|0.004	0.00001|0.17|0.0000001|0.004	0.00001|0.17|0.0000001|0.004	0.00001|0.17|0.0000001|0.004	0.00001|0.17|0.0000001|0.004	0.00001|0.17|0.0000001|0.004	0.00001|0.17|0.0000001|0.004	0.00001|0.17|0.0000001|0.004	0.00001|0.17|0.0000001|0.004	0.00001|0.17|0.0000001|0.004	0.00001|0.17|0.0000001|0.004	0.00001|0.17|0.0000001|0.004	0.00001|0.17|0.0000001|0.004	
20728	0.01|0.1|0.001|0.025|0.001	0.01|0.1|0.001|0.025|0.001	0.01|0.1|0.001|0.025|0.001	0.01|0.1|0.001|0.025|0.001	0.01|0.1|0.001|0.025|0.001	0.01|0.1|0.001|0.025|0.001	0.01|0.1|0.001|0.025|0.001	0.01|0.1|0.001|0.025|0.001	0.01|0.1|0.001|0.025|0.001	0.01|0.1|0.001|0.025|0.001	0.01|0.1|0.001|0.025|0.001	0.01|0.1|0.001|0.025|0.001	0.01|0.1|0.001|0.025|0.001	0.01|0.1|0.001|0.025|0.001	0.01|0.1|0.001|0.025|0.001	0.01|0.1|0.001|0.025|0.001	
20734	4	4	4	4	4	4	4	4	4	4	4	4	4	4	4	4	
20735	3	3	3	3	3	3	3	3	3	3	3	3	3	3	3	3	
20745	18	18	18	18	18	18	18	18	18	18	18	18	18	18	18	18	
20746	20	20	20	20	20	20	20	20	20	20	20	20	20	20	20	20	
20747	24	24	24	24	24	24	24	24	24	24	24	24	24	24	24	24	
20748	8	8	8	8	8	8	8	8	8	8	8	8	8	8	8	8	
20820	1800	3600	5400	7200	9000	10800	12600	14400	16200	18000	19800	21600	23400	25200	27000	28800	
20834	10	10	10	10	10	10	10	10	10	10	10	10	10	10	10	10	
20840	2	2	2	2	2	2	2	2	2	2	2	2	2	2	2	2	
20841	13	13	13	13	13	13	13	13	13	13	13	13	13	13	13	13	
20842	3	3	3	3	3	3	3	3	3	3	3	3	3	3	3	3	
20843	4	4	4	4	4	4	4	4	4	4	4	4	4	4	4	4	
20844	18	18	18	18	18	18	18	18	18	18	18	18	18	18	18	18	
20845	50000	50000	50000	50000	50000	50000	50000	50000	50000	50000	50000	50000	50000	50000	50000	50000	
20846	3	3	3	3	3	3	3	3	3	3	3	3	3	3	3	3	
20852	3	3	3	3	3	3	3	3	3	3	3	3	3	3	3	3	
20853	25	25	25	25	25	25	25	25	25	25	25	25	25	25	25	25	
20854	10000	10000	10000	10000	10000	10000	10000	10000	10000	10000	10000	10000	10000	10000	10000	10000	
20855	500	500	500	500	500	500	500	500	500	500	500	500	500	500	500	500	
20858	10	10	10	10	10	10	10	10	10	10	10	10	10	10	10	10	
20860	12	12	12	12	12	12	12	12	12	12	12	12	12	12	12	12	
20861	1	1	1	1	1	1	1	1	1	1	1	1	1	1	1	1	
20870	10	10	10	10	10	10	10	10	10	10	10	10	10	10	10	10	
20875	8	8	8	8	8	8	8	8	8	8	8	8	8	8	8	8	
20878	12	12	12	12	12	12	12	12	12	12	12	12	12	12	12	12	
20879	250000	250000	250000	250000	250000	250000	250000	250000	250000	250000	250000	250000	250000	250000	250000	250000	
20884	10	10	10	10	10	10	10	10	10	10	10	10	10	10	10	10	
20889	10	10	10	10	10	10	10	10	10	10	10	10	10	10	10	10	
20893	5000	5000	5000	5000	5000	5000	5000	5000	5000	5000	5000	5000	5000	5000	5000	5000	
20896	5	5	5	5	5	5	5	5	5	5	5	5	5	5	5	5	
20899	9	9	9	9	9	9	9	9	9	9	9	9	9	9	9	9	
21002	15000	15000	15000	15000	15000	15000	15000	15000	15000	15000	15000	15000	15000	15000	15000	15000	
21003	6064|1	6064|1	6064|1	6064|1	6064|1	6064|1	6064|1	6064|1	6064|1	6064|1	6064|1	6064|1	6064|1	6064|1	6064|1	6064|1	
21009	0|10	0|10	0|10	0|10	0|10	0|10	0|10	0|10	0|10	0|10	0|10	0|10	0|10	0|10	0|10	0|10	
21010	300|500	300|500	300|500	300|500	300|500	300|500	300|500	300|500	300|500	300|500	300|500	300|500	300|500	300|500	300|500	300|500	
21031	18|50	18|50	18|50	18|50	18|50	18|50	18|50	18|50	18|50	18|50	18|50	18|50	18|50	18|50	18|50	18|50	
21055	2888|5000|6064	2888|5000|6064	2888|5000|6064	2888|5000|6064	2888|5000|6064	2888|5000|6064	2888|5000|6064	2888|5000|6064	2888|5000|6064	2888|5000|6064	2888|5000|6064	2888|5000|6064	2888|5000|6064	2888|5000|6064	2888|5000|6064	2888|5000|6064	
21056	5|10|20|40|80	5|10|20|40|80	5|10|20|40|80	5|10|20|40|80	5|10|20|40|80	5|10|20|40|80	5|10|20|40|80	5|10|20|40|80	5|10|20|40|80	5|10|20|40|80	5|10|20|40|80	5|10|20|40|80	5|10|20|40|80	5|10|20|40|80	5|10|20|40|80	5|10|20|40|80	
21012	10	10	10	10	10	10	10	10	10	10	10	10	10	10	10	10	
21023	5	5	5	5	5	5	5	5	5	5	5	5	5	5	5	5	
21028	20	20	20	20	20	20	20	20	20	20	20	20	20	20	20	20	
21029	255	255	255	255	255	255	255	255	255	255	255	255	255	255	255	255	
21032	20000|20	20000|20	20000|20	20000|20	20000|20	20000|20	20000|20	20000|20	20000|20	20000|20	20000|20	20000|20	20000|20	20000|20	20000|20	20000|20	
21033	5	5	5	5	5	5	5	5	5	5	5	5	5	5	5	5	
21043	50|200	50|200	50|200	50|200	50|200	50|200	50|200	50|200	50|200	50|200	50|200	50|200	50|200	50|200	50|200	50|200	
21045	7	7	7	7	7	7	7	7	7	7	7	7	7	7	7	7	
21046	10	10	10	10	10	10	10	10	10	10	10	10	10	10	10	10	
21048	16	16	16	16	16	16	16	16	16	16	16	16	16	16	16	16	
21051	40|30|30	40|30|30	40|30|30	40|30|30	40|30|30	40|30|30	40|30|30	40|30|30	40|30|30	40|30|30	40|30|30	40|30|30	40|30|30	40|30|30	40|30|30	40|30|30	
21078	1|1|1	1|1|1	1|1|1	1|1|1	1|1|1	1|1|1	1|1|1	1|1|1	1|1|1	1|1|1	1|1|1	1|1|1	1|1|1	1|1|1	1|1|1	1|1|1	
21080	0	0	0	0	0	0	0	0	0	0	0	0	0	0	0	0	
21081	18	18	18	18	18	18	18	18	18	18	18	18	18	18	18	18	
21087	21	21	21	21	21	21	21	21	21	21	21	21	21	21	21	21	
21088	18	18	18	18	18	18	18	18	18	18	18	18	18	18	18	18	
21090	1000	1000	1000	1000	1000	1000	1000	1000	1000	1000	1000	1000	1000	1000	1000	1000	
21093	1	1	1	1	1	1	1	1	1	1	1	1	1	1	1	1	
21096	3000	3000	3000	3000	3000	3000	3000	3000	3000	3000	3000	3000	3000	3000	3000	3000	
21098	5|9	5|9	5|9	5|9	5|9	5|9	5|9	5|9	5|9	5|9	5|9	5|9	5|9	5|9	5|9	5|9	
21106	46	46	46	46	46	46	46	46	46	46	46	46	46	46	46	46	
21111	90	90	90	90	90	90	90	90	90	90	90	90	90	90	90	90	
21113	20018|2200|10180|0	20018|2200|10180|0	20018|2200|10180|0	20018|2200|10180|0	20018|2200|10180|0	20018|2200|10180|0	20018|2200|10180|0	20018|2200|10180|0	20018|2200|10180|0	20018|2200|10180|0	20018|2200|10180|0	20018|2200|10180|0	20018|2200|10180|0	20018|2200|10180|0	20018|2200|10180|0	20018|2200|10180|0	
21114	20018|2200|10181|0	20018|2200|10181|0	20018|2200|10181|0	20018|2200|10181|0	20018|2200|10181|0	20018|2200|10181|0	20018|2200|10181|0	20018|2200|10181|0	20018|2200|10181|0	20018|2200|10181|0	20018|2200|10181|0	20018|2200|10181|0	20018|2200|10181|0	20018|2200|10181|0	20018|2200|10181|0	20018|2200|10181|0	
21115	20018|2200|10182|0	20018|2200|10182|0	20018|2200|10182|0	20018|2200|10182|0	20018|2200|10182|0	20018|2200|10182|0	20018|2200|10182|0	20018|2200|10182|0	20018|2200|10182|0	20018|2200|10182|0	20018|2200|10182|0	20018|2200|10182|0	20018|2200|10182|0	20018|2200|10182|0	20018|2200|10182|0	20018|2200|10182|0	
21201	12	12	12	12	12	12	12	12	12	12	12	12	12	12	12	12	
21202	10	10	10	10	10	10	10	10	10	10	10	10	10	10	10	10	
21207	2	2	2	2	2	2	2	2	2	2	2	2	2	2	2	2	
21208	100	100	100	100	100	100	100	100	100	100	100	100	100	100	100	100	
21209	1|2|4|6|10	1|2|4|6|10	1|2|4|6|10	1|2|4|6|10	1|2|4|6|10	1|2|4|6|10	1|2|4|6|10	1|2|4|6|10	1|2|4|6|10	1|2|4|6|10	1|2|4|6|10	1|2|4|6|10	1|2|4|6|10	1|2|4|6|10	1|2|4|6|10	1|2|4|6|10	
21210	100|50|20|5|1	100|50|20|5|1	100|50|20|5|1	100|50|20|5|1	100|50|20|5|1	100|50|20|5|1	100|50|20|5|1	100|50|20|5|1	100|50|20|5|1	100|50|20|5|1	100|50|20|5|1	100|50|20|5|1	100|50|20|5|1	100|50|20|5|1	100|50|20|5|1	100|50|20|5|1	
21218	0|20|50|70|90	0|20|50|70|90	0|20|50|70|90	0|20|50|70|90	0|20|50|70|90	0|20|50|70|90	0|20|50|70|90	0|20|50|70|90	0|20|50|70|90	0|20|50|70|90	0|20|50|70|90	0|20|50|70|90	0|20|50|70|90	0|20|50|70|90	0|20|50|70|90	0|20|50|70|90	
21219	3	3	3	3	3	3	3	3	3	3	3	3	3	3	3	3	
21220	16|20|24|28	16|20|24|28	16|20|24|28	16|20|24|28	16|20|24|28	16|20|24|28	16|20|24|28	16|20|24|28	16|20|24|28	16|20|24|28	16|20|24|28	16|20|24|28	16|20|24|28	16|20|24|28	16|20|24|28	16|20|24|28	
21253	30	30	30	30	30	30	30	30	30	30	30	30	30	30	30	30	
21257	3	3	3	3	3	3	3	3	3	3	3	3	3	3	3	3	
21258	7	7	7	7	7	7	7	7	7	7	7	7	7	7	7	7	
21262	2	2	2	2	2	2	2	2	2	2	2	2	2	2	2	2	
21263	1	1	1	2	3	4	4	4	4	4	4	4	4	4	4	4	
21266	200	200	200	200	200	200	200	200	200	200	200	200	200	200	200	200	
21268	1	2	2	3	3	3	4	4	4	4	4	4	4	4	4	4	
21269	1	1	2	2	3	3	3	3	4	4	4	4	4	4	4	4	
21270	100	100	100	100	100	100	100	100	100	100	100	100	100	100	100	100	
21271	0	0	0	0	0	0	0	0	0	0	0	0	0	0	0	0	
21272	0	0	0	0	0	0	0	0	0	0	0	0	0	0	0	0	
21273	16|20|24|28	16|20|24|28	16|20|24|28	16|20|24|28	16|20|24|28	16|20|24|28	16|20|24|28	16|20|24|28	16|20|24|28	16|20|24|28	16|20|24|28	16|20|24|28	16|20|24|28	16|20|24|28	16|20|24|28	16|20|24|28	
21274	20|40|60|80	20|40|60|80	20|40|60|80	20|40|60|80	20|40|60|80	20|40|60|80	20|40|60|80	20|40|60|80	20|40|60|80	20|40|60|80	20|40|60|80	20|40|60|80	20|40|60|80	20|40|60|80	20|40|60|80	50|100|150|200	
21275	5|10|20	5|10|20	5|10|20	5|10|20	5|15|20	5|15|20	5|20|20	5|20|20	5|30|20	5|30|20	5|40|20	5|40|20	5|50|20	5|50|20	5|60|20	5|60|20	
21276	30	30	30	30	30	30	30	30	30	30	30	30	30	30	30	30	
21277	3	3	3	3	3	3	3	3	3	3	3	3	3	3	3	3	
21289	1	1	1	1	1	1	1	1	1	1	1	1	1	1	1	1	
21290	1	1	1	1	1	1	1	1	1	1	1	1	1	1	1	1	
21293	20|40|60|80	20|40|60|80	20|40|60|80	20|40|60|80	20|40|60|80	20|40|60|80	20|40|60|80	20|40|60|80	20|40|60|80	20|40|60|80	20|40|60|80	20|40|60|80	20|40|60|80	20|40|60|80	20|40|60|80	50|100|150|200	
21307	3	3	3	3	3	3	3	3	3	3	3	3	3	3	3	3	
21310	2400	2400	2400	2400	2400	2400	2400	2400	2400	2400	2400	2400	2400	2400	2400	2400	
21311	1200	1200	1200	1200	1200	1200	1200	1200	1200	1200	1200	1200	1200	1200	1200	1200	
21312	600	600	600	600	600	600	600	600	600	600	600	600	600	600	600	600	
21313	300	300	300	300	300	300	300	300	300	300	300	300	300	300	300	300	
21314	150	150	150	150	150	150	150	150	150	150	150	150	150	150	150	150	
21324	0.8	0.8	0.8	0.8	0.8	0.8	0.8	0.8	0.8	0.8	0.8	0.8	0.8	0.8	0.8	0.8	
21328	3	3	3	3	3	3	3	3	3	3	3	3	3	3	3	3	
21329	55	55	55	55	55	55	55	55	55	55	55	55	55	55	55	55	
21330	1000	1000	1000	1000	1000	1000	1000	1000	1000	1000	1000	1000	1000	1000	1000	1000	
21332	3	3	3	3	3	3	3	3	3	3	3	3	3	3	3	3	
21339	5	5	5	5	5	5	5	5	5	5	5	5	5	5	5	5	
21342	60	60	60	60	60	60	60	60	60	60	60	60	60	60	60	60	
21343	40	40	40	40	40	40	40	40	40	40	40	40	40	40	40	40	
21354	0.5	0.5	0.5	0.5	0.5	0.5	0.5	0.5	0.5	0.5	0.5	0.5	0.5	0.5	0.5	0.5	
21358	259200	259200	259200	259200	259200	259200	259200	259200	259200	259200	259200	259200	259200	259200	259200	259200	
21361	5	5	5	5	5	5	5	5	5	5	5	5	5	5	5	5	
21369	100	100	100	100	100	100	100	100	100	100	100	100	100	100	100	100	
22032	200	200	200	200	200	200	200	200	200	200	200	200	200	200	200	200	
22073	18	18	18	18	18	18	18	18	18	18	18	18	18	18	18	18	
22080	20	20	20	20	20	20	20	20	20	20	20	20	20	20	20	20	
22091	4	4	4	4	4	4	4	4	4	4	4	4	4	4	4	4	
22094	200	200	200	200	200	200	200	200	200	200	200	200	200	200	200	200	
22097	2	2	2	2	2	2	2	2	2	2	2	2	2	2	2	2	
22098	50	50	50	50	50	50	50	50	50	50	50	50	50	50	50	50	
22099	4	4	4	4	4	4	4	4	4	4	4	4	4	4	4	4	
22100	2000	2000	2000	2000	2000	2000	2000	2000	2000	2000	2000	2000	2000	2000	2000	2000	
22101	1500	1500	1500	1500	1500	1500	1500	1500	1500	1500	1500	1500	1500	1500	1500	1500	
22102	5	5	5	5	5	5	5	5	5	5	5	5	5	5	5	5	
22107	3	3	3	3	3	3	3	3	3	3	3	3	3	3	3	3	
22109	30	30	30	30	30	30	30	30	30	30	30	30	30	30	30	30	
22202	13	13	13	13	13	13	13	13	13	13	13	13	13	13	13	13	
22206	100	100	100	100	100	100	100	100	100	100	100	100	100	100	100	100	
22207	10	10	10	10	10	10	10	10	10	10	10	10	10	10	10	10	
22300	100|200	100|200	100|200	100|200	100|200	100|200	100|200	100|200	100|200	100|200	100|200	100|200	100|200	100|200	100|200	100|200	
22309	1	1	1	1	1	1	1	1	1	1	1	1	1	1	1	1	
22310	0	0	0	0	0	0	0	0	0	0	0	0	0	0	0	0	
22332	0	0	0	0	0	0	0	0	0	0	0	0	0	0	0	0	
22333	1	1	1	1	1	1	1	1	1	1	1	1	1	1	1	1	
22144	20	20	20	20	20	20	20	20	20	20	20	20	20	20	20	20	
22145	20	20	20	20	20	20	20	20	20	20	20	20	20	20	20	20	
20860	18	18	18	18	18	18	18	18	18	18	18	18	18	18	18	18	
22150	100	100	100	100	100	100	100	100	100	100	100	100	100	100	100	100	
22350	19	19	19	19	19	19	19	19	19	19	19	19	19	19	19	19	
22352	1.0f|1.0f|1.0f|2.0f	1.0f|1.0f|1.0f|2.0f	1.0f|1.0f|1.0f|2.0f	1.0f|1.0f|1.0f|2.0f	1.0f|1.0f|1.0f|2.0f	1.0f|1.0f|1.0f|2.0f	1.0f|1.0f|1.0f|2.0f	1.0f|1.0f|1.0f|2.0f	1.0f|1.0f|1.0f|2.0f	1.0f|1.0f|1.0f|2.0f	1.0f|1.0f|1.0f|2.0f	1.0f|1.0f|1.0f|2.0f	1.0f|1.0f|1.0f|2.0f	1.0f|1.0f|1.0f|2.0f	1.0f|1.0f|1.0f|2.0f	1.0f|1.0f|1.0f|2.0f	
22354	0.5	0.5	0.5	0.5	0.5	0.5	0.5	0.5	0.5	0.5	0.5	0.5	0.5	0.5	0.5	0.5	
22355	5	5	5	5	5	5	5	5	5	5	5	5	5	5	5	5	
22365	23	23	23	23	23	23	23	23	23	23	23	23	23	23	23	23	
22375	90|50|20|5|1	90|50|20|5|1	90|50|20|5|1	90|50|20|5|1	90|50|20|5|1	90|50|20|5|1	90|50|20|5|1	90|50|20|5|1	90|50|20|5|1	90|50|20|5|1	90|50|20|5|1	90|50|20|5|1	90|50|20|5|1	90|50|20|5|1	90|50|20|5|1	90|50|20|5|1	
22165	18	18	18	18	18	18	18	18	18	18	18	18	18	18	18	18	
22404	1000|1500	1000|1500	1000|1500	1000|1500	1000|1500	1000|1500	1000|1500	1000|1500	1000|1500	1000|1500	1000|1500	1000|1500	1000|1500	1000|1500	1000|1500	1000|1500	
22405	50|60	50|60	50|60	50|60	50|60	50|60	50|60	50|60	50|60	50|60	50|60	50|60	50|60	50|60	50|60	50|60	
22376	100	100	100	100	100	100	100	100	100	100	100	100	100	100	100	100	
22377	100	100	100	100	100	100	100	100	100	100	100	100	100	100	100	100	
22169	18	18	18	18	18	18	18	18	18	18	18	18	18	18	18	18	
22418	12	12	12	12	12	12	12	12	12	12	12	12	12	12	12	12	
22419	50	50	50	50	50	50	50	50	50	50	50	50	50	50	50	50	
22420	259200	345600	432000	518400	604800	691200	777600	864000	950400	1036800	1123200	1209600	1296000	1382400	1468800	1555200	
20345	2	2	2	2	2	2	2	2	2	2	2	2	2	2	2	2	
22378	18	18	18	18	18	18	18	18	18	18	18	18	18	18	18	18	
22421	20	20	20	20	20	20	20	20	20	20	20	20	20	20	20	20	
22422	18	18	18	18	18	18	18	18	18	18	18	18	18	18	18	18	
22424	388	388	388	388	388	388	388	388	388	388	388	388	388	388	388	388	
22606	18	18	18	18	18	18	18	18	18	18	18	18	18	18	18	18	
22607	0	3	5	7	9	11	13	15	17	19	21	23	25	27	29	31	
22724	1	1	1	1	1	1	1	1	1	1	1	1	1	1	1	1	
22801	10000	10000	10000	10000	10000	10000	10000	10000	10000	10000	10000	10000	10000	10000	10000	10000	
22807	4	4	4	4	4	4	4	4	4	4	4	4	4	4	4	4	
22810	200	200	200	200	200	200	200	200	200	200	200	200	200	200	200	200	
22814	20	20	20	20	20	20	20	20	20	20	20	20	20	20	20	20	
22816	200	200	200	200	200	200	200	200	200	200	200	200	200	200	200	200	
22817	300	300	300	300	300	300	300	300	300	300	300	300	300	300	300	300	
22818	500	500	500	500	500	500	500	500	500	500	500	500	500	500	500	500	
22821	3	3	3	3	3	3	3	3	3	3	3	3	3	3	3	3	
22822	5	5	5	5	5	5	5	5	5	5	5	5	5	5	5	5	
22823	3	3	3	3	3	3	3	3	3	3	3	3	3	3	3	3	
22833	5000	5000	5000	5000	5000	5000	5000	5000	5000	5000	5000	5000	5000	5000	5000	5000	
22834	1000	1000	1000	1000	1000	1000	1000	1000	1000	1000	1000	1000	1000	1000	1000	1000	
22835	500000	500000	500000	500000	500000	500000	500000	500000	500000	500000	500000	500000	500000	500000	500000	500000	
22842	18	18	18	18	18	18	18	18	18	18	18	18	18	18	18	18	
22843	24	24	24	24	24	24	24	24	24	24	24	24	24	24	24	24	
22847	40	40	40	40	40	40	40	40	40	40	40	40	40	40	40	40	
22850	4	4	4	4	4	4	4	4	4	4	4	4	4	4	4	4	
22851	15	15	15	15	15	15	15	15	15	15	15	15	15	15	15	15	
22855	5	5	5	5	5	5	5	5	5	5	5	5	5	5	5	5	
22856	2	2	2	2	2	2	2	2	2	2	2	2	2	2	2	2	
22865	2000|1500|1000|500|500	2000|1500|1000|500|500	2000|1500|1000|500|500	2000|1500|1000|500|500	2000|1500|1000|500|500	2000|1500|1000|500|500	2000|1500|1000|500|500	2000|1500|1000|500|500	2000|1500|1000|500|500	2000|1500|1000|500|500	2000|1500|1000|500|500	2000|1500|1000|500|500	2000|1500|1000|500|500	2000|1500|1000|500|500	2000|1500|1000|500|500	2000|1500|1000|500|500	
22868	0.25|1.5	0.25|1.5	0.25|1.5	0.25|1.5	0.25|1.5	0.25|1.5	0.25|1.5	0.25|1.5	0.25|1.5	0.25|1.5	0.25|1.5	0.25|1.5	0.25|1.5	0.25|1.5	0.25|1.5	0.25|1.5	
22870	18	18	18	18	18	18	18	18	18	18	18	18	18	18	18	18	
22871	180	180	180	180	180	180	180	180	180	180	180	180	180	180	180	180	
22879	20	20	20	20	20	20	20	20	20	20	20	20	20	20	20	20	
22909	8	8	8	8	8	8	8	8	8	8	8	8	8	8	8	8	
22910	4	6	8	10	12	14	16	18	20	22	24	26	28	30	32	34	
22911	40	40	40	40	40	40	40	40	40	40	40	40	40	40	40	40	
22918	0	0	0	0	0	0	99	99	99	99	99	99	99	99	99	99	
22921	3	3	3	3	3	3	3	3	3	3	3	3	3	3	3	3	
22922	19	19	19	19	19	19	19	19	19	19	19	19	19	19	19	19	
22634	1	1	1	2	2	3	3	4	4	5	5	6	6	7	7	8	
22736	14:00:00	14:00:00	14:00:00	14:00:00	14:00:00	14:00:00	14:00:00	14:00:00	14:00:00	14:00:00	14:00:00	14:00:00	14:00:00	14:00:00	14:00:00	14:00:00	
22737	19:30:00	19:30:00	19:30:00	19:30:00	19:30:00	19:30:00	19:30:00	19:30:00	19:30:00	19:30:00	19:30:00	19:30:00	19:30:00	19:30:00	19:30:00	19:30:00	
22740	0.045	0.045	0.045	0.045	0.045	0.045	0.045	0.045	0.045	0.045	0.045	0.045	0.045	0.045	0.045	0.045	
22741	0.5	0.5	0.5	0.5	0.5	0.5	0.5	0.5	0.5	0.5	0.5	0.5	0.5	0.5	0.5	0.5	
22924	20	20	20	20	20	20	20	20	20	20	20	20	20	20	20	20	
22925	50	50	50	50	50	50	50	50	50	50	50	50	50	50	50	50	
22926	1999	1999	1999	1999	1999	1999	1999	1999	1999	1999	1999	1999	1999	1999	1999	1999	
22929	22	22	22	22	22	22	22	22	22	22	22	22	22	22	22	22	
22930	3010	3010	3010	3010	3010	3010	3010	3010	3010	3010	3010	3010	3010	3010	3010	3010	
22931	3	3	3	3	3	3	3	3	3	3	3	3	3	3	3	3	
22932	15	15	15	15	15	15	15	15	15	15	15	15	15	15	15	15	
22663	1200	1200	1200	1200	1200	1200	1200	1200	1200	1200	1200	1200	1200	1200	1200	1200	
22682	10	10	10	10	10	10	10	10	10	10	10	10	10	10	10	10	
22683	40	40	40	40	40	40	40	40	40	40	40	40	40	40	40	40	
20362	300	300	300	300	300	300	300	300	300	300	300	300	300	300	300	300	
20364	5	5	5	5	5	5	5	5	5	5	5	5	5	5	5	5	
22687	2000	5000	10000														
20372	25	25	25	25	25	25	25	25	25	25	25	25	25	25	25	25	
22690	8																
23000	10:00:00	10:00:00	10:00:00	10:00:00	10:00:00	10:00:00	10:00:00	10:00:00	10:00:00	10:00:00	10:00:00	10:00:00	10:00:00	10:00:00	10:00:00	10:00:00	
23001	20:00:00	20:00:00	20:00:00	20:00:00	20:00:00	20:00:00	20:00:00	20:00:00	20:00:00	20:00:00	20:00:00	20:00:00	20:00:00	20:00:00	20:00:00	20:00:00	
20386	10	15	20	25	30	35	40	45	-1	-1	-1	-1	-1	-1	-1	-1	
20390	15																
20510	500	500	500	500	500	500	500	500	500	500	0	0	0	0	0	0	
20513	200000	200000	200000	200000	200000	200000	200000	200000	200000	200000	200000	200000	200000	200000	200000	0	
20514	70																
20515	1000	1000	1000	1000	1000	1000	1000	1000	1000	1000	1000	1000	1000	1000	1000	1000	
20520	21600																
20521	5																
23013	1	1	1	1	1	1	1	1	1	1	1	1	1	1	1	0.5	
23015	1	1	1	1	1	1	1	1	1	1	2	2	2	2	2	30	
23019	100																
23022	50																
23023	20																
23027	500|300|200|200|0.2|0.65|0.45|0.3																
23029	500																
