天卡	地卡	组合ID	激活lv	组合名称	描述	激活需求	备注	攻速	CD缩减	移动速度	护甲值	法术抗性	格挡几率	攻击力	生命值	暴击率	闪避率	攻城攻击力	攻击距离	命中率	穿透	法术穿透	潜行	反潜行	视野	无视闪避	反弹物伤	反弹法伤	物理吸血	法术吸血	暴击剑	溅射	物伤加深	法伤加深	abstractid	物伤加成	法伤加成	回复效果
|10012|10013|10014|10015|10016|10017|10018|10019|	|10052|10053|10054|10055|10056|10057|10058|10059|	1000	1	魅霖	法术吸血+10%	7556|50	吕布貂蝉																							100								
|10014|10015|10016|10017|10018|10019|	|10054|10055|10056|10057|10058|10059|	1000	2	智媚	法术穿透+30%	7556|100	吕布貂蝉															300																
|10017|10018|10019|	|10057|10058|10059|	1000	3	神武	攻击+10%	7556|200	吕布貂蝉							100																								
|10012|10013|10014|10015|10016|10017|10018|10019|	|10022|10023|10024|10025|10026|10027|10028|10029|	1001	1	奋武	攻速+3%	7556|50	吕布高顺	30																														
|10014|10015|10016|10017|10018|10019|	|10024|10025|10026|10027|10028|10029|	1001	2	强甲	护甲+10%	7556|100	吕布高顺				100																											
|10017|10018|10019|	|10027|10028|10029|	1001	3	坚韧	生命+10%	7556|200	吕布高顺								100																							
|10012|10013|10014|10015|10016|10017|10018|10019|	|10192|10193|10194|10195|10196|10197|10198|10199|	1002	1	暴烈	基础暴击+50%	7556|50	吕布华雄									500																						
|10014|10015|10016|10017|10018|10019|	|10194|10195|10196|10197|10198|10199|	1002	2	精准	无视敌方闪避	7556|100	吕布华雄																			1												
|10017|10018|10019|	|10197|10198|10199|	1002	3	神速	使用技能后移动速度+30%，持续3秒	7556|200	吕布华雄																												24916			
|10032|10033|10034|10035|10036|10037|10038|10039|	|10052|10053|10054|10055|10056|10057|10058|10059|	1010	1	欢肆	格挡-30%/n普通攻击每次额外增加2点士气	7556|50	董卓貂蝉						-300																						24917			
|10034|10035|10036|10037|10038|10039|	|10054|10055|10056|10057|10058|10059|	1010	2	神武	攻击+10%	7556|100	董卓貂蝉							100																								
|10037|10038|10039|	|10057|10058|10059|	1010	3	笙歌	护甲-5%，CD缩减+10%	7556|200	董卓貂蝉		100		-50																											
|10032|10033|10034|10035|10036|10037|10038|10039|	|10042|10043|10044|10045|10046|10047|10048|10049|	1011	1	精武	攻击+5%	7556|50	董卓李							50																								
|10034|10035|10036|10037|10038|10039|	|10044|10045|10046|10047|10048|10049|	1011	2	地利	步兵山地攻击+20%	7556|100	董卓李																												24918			
|10037|10038|10039|	|10047|10048|10049|	1011	3	奔袭	增加4米范围内步兵10%移速	7556|200	董卓李																												24920			
|10032|10033|10034|10035|10036|10037|10038|10039|	|10192|10193|10194|10195|10196|10197|10198|10199|	1012	1	破甲	物理穿透+20%	7556|50	董卓华雄														200																	
|10034|10035|10036|10037|10038|10039|	|10194|10195|10196|10197|10198|10199|	1012	2	虎势	基础暴击+100%	7556|100	董卓华雄									1000																						
|10037|10038|10039|	|10197|10198|10199|	1012	3	破阵	使用技能后攻击+20%，持续3秒	7556|200	董卓华雄																												24919			
|10062|10063|10064|10065|10066|10067|10068|10069|	|10072|10073|10074|10075|10076|10077|10078|10079|	1020	1	坚忍	生命+5%	7556|50	颜良文丑								50																							
|10064|10065|10066|10067|10068|10069|	|10074|10075|10076|10077|10078|10079|	1020	2	奋战	攻速+5%	7556|100	颜良文丑	50																														
|10067|10068|10069|	|10077|10078|10079|	1020	3	奋决	攻速+10%	7556|200	颜良文丑	100																														
|10062|10063|10064|10065|10066|10067|10068|10069|	|10112|10113|10114|10115|10116|10117|10118|10119|	1021	1	精武	攻击+5%	7556|50	颜良蹋顿							50																								
|10064|10065|10066|10067|10068|10069|	|10114|10115|10116|10117|10118|10119|	1021	2	坚韧	生命+10%	7556|100	颜良蹋顿								100																							
|10067|10068|10069|	|10117|10118|10119|	1021	3	神武	攻击+10%	7556|200	颜良蹋顿							100																								
|10102|10103|10104|10105|10106|10107|10108|10109|	|10082|10083|10084|10085|10086|10087|10088|10089|	1030	1	渴饮	物理吸血+5%	7556|50	沮授L义																						50									
|10104|10105|10106|10107|10108|10109|	|10084|10085|10086|10087|10088|10089|	1030	2	爆伤	暴击伤害+15%	7556|100	沮授L义																								150							
|10107|10108|10109|	|10087|10088|10089|	1030	3	精准	无视敌方闪避	7556|200	沮授L义																			1												
|10102|10103|10104|10105|10106|10107|10108|10109|	|10192|10193|10194|10195|10196|10197|10198|10199|	1031	1	狂暴	基础暴击+30%	7556|50	沮授华雄									300																						
|10104|10105|10106|10107|10108|10109|	|10194|10195|10196|10197|10198|10199|	1031	2	暴烈	基础暴击+50%	7556|100	沮授华雄									500																						
|10107|10108|10109|	|10197|10198|10199|	1031	3	虎势	基础暴击+100%	7556|200	沮授华雄									1000																						
|10102|10103|10104|10105|10106|10107|10108|10109|	|10132|10133|10134|10135|10136|10137|10138|10139|	1032	1	渴饮	物理吸血+5%	7556|50	沮授祝融																						50									
|10104|10105|10106|10107|10108|10109|	|10134|10135|10136|10137|10138|10139|	1032	2	暴烈	基础暴击+50%	7556|100	沮授祝融									500																						
|10107|10108|10109|	|10137|10138|10139|	1032	3	谨逸	CD缩减+10%	7556|200	沮授祝融		100																													
|10102|10103|10104|10105|10106|10107|10108|10109|	|10292|10293|10294|10295|10296|10297|10298|10299|	1033	1	暴烈	基础暴击+50%	7556|50	沮授张梁									500																						
|10104|10105|10106|10107|10108|10109|	|10294|10295|10296|10297|10298|10299|	1033	2	劲射	穿透+20%，物理吸血+3%	7556|100	沮授张梁														200								30									
|10107|10108|10109|	|10297|10298|10299|	1033	3	虎势	基础暴击+100%	7556|200	沮授张梁									1000																						
|10142|10143|10144|10145|10146|10147|10148|10149|	|10162|10163|10164|10165|10166|10167|10168|10169|	1040	1	英武	攻击+3%	7556|50	带来洞主兀突骨							30																								
|10144|10145|10146|10147|10148|10149|	|10164|10165|10166|10167|10168|10169|	1040	2	山武	步兵山地攻击+20%	7556|100	带来洞主兀突骨																												24918			
|10147|10148|10149|	|10167|10168|10169|	1040	3	刚烈	物伤反弹+5%	7556|200	带来洞主兀突骨																				50											
|10142|10143|10144|10145|10146|10147|10148|10149|	|10132|10133|10134|10135|10136|10137|10138|10139|	1041	1	精韧	生命+3%	7556|50	带来洞主祝融								30																							
|10144|10145|10146|10147|10148|10149|	|10134|10135|10136|10137|10138|10139|	1041	2	精武	攻击+5%	7556|100	带来洞主祝融							50																								
|10147|10148|10149|	|10137|10138|10139|	1041	3	神武	攻击+10%	7556|200	带来洞主祝融								100																							
|10122|10123|10124|10125|10126|10127|10128|10129|	|10132|10133|10134|10135|10136|10137|10138|10139|	1050	1	英武	攻击+3%	7556|50	孟获祝融							30																								
|10124|10125|10126|10127|10128|10129|	|10134|10135|10136|10137|10138|10139|	1050	2	坚忍	生命+5%	7556|100	孟获祝融								50																							
|10127|10128|10129|	|10137|10138|10139|	1050	3	山武	步兵山地攻击+20%	7556|200	孟获祝融																												24918			
|10252|10253|10254|10255|10256|10257|10258|10259|	|10292|10293|10294|10295|10296|10297|10298|10299|	1060	1	精韧	生命+3%	7556|50	张宝张梁								30																							
|10254|10255|10256|10257|10258|10259|	|10294|10295|10296|10297|10298|10299|	1060	2	精武	攻击+5%	7556|100	张宝张梁							50																								
|10257|10258|10259|	|10297|10298|10299|	1060	3	虎势	基础暴击+100%	7556|200	张宝张梁									1000																						
|10252|10253|10254|10255|10256|10257|10258|10259|	|10132|10133|10134|10135|10136|10137|10138|10139|	1061	1	英武	攻击+3%	7556|50	张宝祝融							30																								
|10254|10255|10256|10257|10258|10259|	|10134|10135|10136|10137|10138|10139|	1061	2	暴烈	暴击+50%	7556|100	张宝祝融									500																						
|10257|10258|10259|	|10137|10138|10139|	1061	3	战鼓	普通攻击每次额外增加2点士气	7556|200	张宝祝融																												24917			
|10202|10203|10204|10205|10206|10207|10208|10209|	|10292|10293|10294|10295|10296|10297|10298|10299|	1070	1	英武	攻击+3%	7556|50	张角张梁							30																								
|10204|10205|10206|10207|10208|10209|	|10294|10295|10296|10297|10298|10299|	1070	2	坚忍	生命+5%	7556|100	张角张梁								50																							
|10207|10208|10209|	|10297|10298|10299|	1070	3	合击	法穿+30%，法术吸血+10%	7556|200	张角张梁															300								100								
|10312|10313|10314|10315|10316|10317|10318|10319|	|10242|10243|10244|10245|10246|10247|10248|10249|	1080	1	精韧	生命+3%	7556|50	潘凤张牛角								30																							
|10314|10315|10316|10317|10318|10319|	|10244|10245|10246|10247|10248|10249|	1080	2	强甲	护甲+10%	7556|100	潘凤张牛角				100																											
|10317|10318|10319|	|10247|10248|10249|	1080	3	咒怨	被击杀则使其周围5米范围内单位禁疗/n且降低100%护甲，持续5秒	7556|200	潘凤张牛角																												24932			
|10282|10283|10284|10285|10286|10287|10288|10289|	|10162|10163|10164|10165|10166|10167|10168|10169|	1090	1	精韧	生命+3%	7556|50	审配兀突骨								30																							
|10284|10285|10286|10287|10288|10289|	|10164|10165|10166|10167|10168|10169|	1090	2	强甲	护甲+10%	7556|100	审配兀突骨				100																											
|10287|10288|10289|	|10167|10168|10169|	1090	3	钢甲	物伤减免+15%	7556|200	审配兀突骨																										-150					
|10312|10313|10314|10315|10316|10317|10318|10319|	|10162|10163|10164|10165|10166|10167|10168|10169|	1100	1	精韧	生命+3%	7556|50	华佗兀突骨								30																							
|10314|10315|10316|10317|10318|10319|	|10164|10165|10166|10167|10168|10169|	1100	2	强甲	护甲+10%	7556|100	华佗兀突骨				100																											
|10317|10318|10319|	|10167|10168|10169|	1100	3	仁心	回复效果+20%	7556|200	华佗兀突骨																															200
|10212|10213|10214|10215|10216|10217|10218|10219|	|10292|10293|10294|10295|10296|10297|10298|10299|	1110	1	英武	攻击+3%	7556|50	左慈张梁							30																								
|10214|10215|10216|10217|10218|10219|	|10294|10295|10296|10297|10298|10299|	1110	2	坚忍	生命+5%	7556|100	左慈张梁								50																							
|10217|10218|10219|	|10297|10298|10299|	1110	3	谨逸	cd缩减+10%	7556|200	左慈张梁		100																													
|10212|10213|10214|10215|10216|10217|10218|10219|	|10172|10173|10174|10175|10176|10177|10178|10179|	1111	1	奋战	攻速+5%	7556|50	左慈童渊	50																														
|10214|10215|10216|10217|10218|10219|	|10174|10175|10176|10177|10178|10179|	1111	2	谨逸	cd缩减+5%	7556|100	左慈童渊		50																													
|10217|10218|10219|	|10177|10178|10179|	1111	3	虎势	基础暴击+100%	7556|200	左慈童渊									1000																						
|8012|8013|8014|8015|8016|8017|8017|8019|	|8022|8023|8024|8025|8026|8027|8028|8029|	2000	1	坚忍	生命+5%	7556|50	曹仁曹洪								50																							
|8014|8015|8016|8017|8017|8019|	|8024|8025|8026|8027|8028|8029|	2000	2	谨逸	cd缩减+5%	7556|100	曹仁曹洪		50																													
|8017|8017|8019|	|8027|8028|8029|	2000	3	刚烈	物伤反弹+5%	7556|200	曹仁曹洪																				50											
|8012|8013|8014|8015|8016|8017|8017|8019|	|8122|8123|8124|8125|8126|8127|8128|8129|	2001	1	坚忍	生命+5%	7556|50	曹仁于禁								50																							
|8014|8015|8016|8017|8017|8019|	|8124|8125|8126|8127|8128|8129|	2001	2	谨逸	cd缩减+5%	7556|100	曹仁于禁		50																													
|8017|8017|8019|	|8127|8128|8129|	2001	3	刚烈	物伤反弹+5%	7556|200	曹仁于禁																				50											
|8012|8013|8014|8015|8016|8017|8017|8019|	|8272|8273|8274|8275|8276|8277|8278|8279|	2002	1	坚忍	生命+5%	7556|50	曹仁荀攸								50																							
|8014|8015|8016|8017|8017|8019|	|8274|8275|8276|8277|8278|8279|	2002	2	谨逸	cd缩减+5%	7556|100	曹仁荀攸		50																													
|8017|8017|8019|	|8277|8278|8279|	2002	3	延寿	生命+10%	7556|200	曹仁荀攸								100																							
|8092|8093|8094|8095|8096|8097|8098|8099|	|8162|8163|8164|8165|8166|8167|8168|8169|	2010	1	英武	攻击+3%	7556|50	张辽李典							30																								
|8094|8095|8096|8097|8098|8099|	|8164|8165|8166|8167|8168|8169|	2010	2	精武	攻击+5%	7556|100	张辽李典							50																								
|8097|8098|8099|	|8167|8168|8169|	2010	3	奔突	平原骑兵攻击+20%	7556|200	张辽李典																															
|8092|8093|8094|8095|8096|8097|8098|8099|	|8342|8343|8344|8345|8346|8347|8348|8349|	2011	1	英武	攻击+3%	7556|50	张辽曹冲							30																								
|8094|8095|8096|8097|8098|8099|	|8344|8345|8346|8347|8348|8349|	2011	2	坚韧	生命+10%	7556|100	张辽曹冲								100																							
|8097|8098|8099|	|8347|8348|8349|	2011	3	快攻	使用技能后攻速+50%，持续10秒	7556|200	张辽曹冲																												24922			
|8092|8093|8094|8095|8096|8097|8098|8099|	|8032|8033|8034|8035|8036|8037|8038|8039|	2012	1	英武	攻击+3%	7556|50	张辽曹纯							30																								
|8094|8095|8096|8097|8098|8099|	|8034|8035|8036|8037|8038|8039|	2012	2	猛攻	攻速+8%	7556|100	张辽曹纯	80																														
|8097|8098|8099|	|8037|8038|8039|	2012	3	破阵	使用技能后攻击+50%，持续10秒	7556|200	张辽曹纯																												24919			
|8092|8093|8094|8095|8096|8097|8098|8099|	|10022|10023|10024|10025|10026|10027|10028|10029|	2013	1	奋战	攻速+5%	7556|50	张辽高顺	50																														
|8094|8095|8096|8097|8098|8099|	|10024|10025|10026|10027|10028|10029|	2013	2	精武	攻击+5%	7556|100	张辽高顺							50																								
|8097|8098|8099|	|10027|10028|10029|	2013	3	快攻	使用技能后攻速+50%，持续10秒	7556|200	张辽高顺																												24922			
|8092|8093|8094|8095|8096|8097|8098|8099|	|10112|10113|10114|10115|10116|10117|10118|10119|	2014	1	英武	攻击+3%	7556|50	张辽蹋顿							30																								
|8094|8095|8096|8097|8098|8099|	|10114|10115|10116|10117|10118|10119|	2014	2	暴烈	基础暴击+50%	7556|100	张辽蹋顿									500																						
|8097|8098|8099|	|10117|10118|10119|	2014	3	神武	攻击+10%	7556|200	张辽蹋顿							100																								
|8072|8073|8074|8075|8076|8077|8078|8079|	|8022|8023|8024|8025|8026|8027|8028|8029|	2020	1	坚忍	生命+5%	7556|50	夏侯曹洪								50																							
|8074|8075|8076|8077|8078|8079|	|8024|8025|8026|8027|8028|8029|	2020	2	坚韧	生命+10%	7556|100	夏侯曹洪								100																							
|8077|8078|8079|	|8027|8028|8029|	2020	3	谨逸	cd缩减+10%	7556|200	夏侯曹洪		100																													
|8072|8073|8074|8075|8076|8077|8078|8079|	|8492|8493|8494|8495|8496|8497|8498|8499|	2021	1	奋战	攻速+5%	7556|50	夏侯蔡文姬	50																														
|8074|8075|8076|8077|8078|8079|	|8494|8495|8496|8497|8498|8499|	2021	2	哀决	法抗+30%，生命+5%	7556|100	夏侯蔡文姬					300			50																							
|8077|8078|8079|	|8497|8498|8499|	2021	3	哀舞	每秒增加2点士气	7556|200	夏侯蔡文姬																												24923			
|8072|8073|8074|8075|8076|8077|8078|8079|	|8272|8273|8274|8275|8276|8277|8278|8279|	2022	1	坚忍	生命+5%	7556|50	夏侯荀攸								50																							
|8074|8075|8076|8077|8078|8079|	|8274|8275|8276|8277|8278|8279|	2022	2	坚韧	生命+10%	7556|100	夏侯荀攸								100																							
|8077|8078|8079|	|8277|8278|8279|	2022	3	谨逸	cd缩减+10%	7556|200	夏侯荀攸		100																													
|8072|8073|8074|8075|8076|8077|8078|8079|	|10162|10163|10164|10165|10166|10167|10168|10169|	2023	1	坚忍	生命+5%	7556|50	夏侯兀突骨								50																							
|8074|8075|8076|8077|8078|8079|	|10164|10165|10166|10167|10168|10169|	2023	2	强甲	护甲+10%	7556|100	夏侯兀突骨				100																											
|8077|8078|8079|	|10167|10168|10169|	2023	3	坚韧	生命+10%	7556|200	夏侯兀突骨								100																							
|8102|8103|8104|8105|8106|8107|8108|8109|	|8162|8163|8164|8165|8166|8167|8168|8169|	2030	1	英武	攻击+3%	7556|50	徐晃李典							30																								
|8104|8105|8106|8107|8108|8109|	|8164|8165|8166|8167|8168|8169|	2030	2	暴烈	基础暴击+50%	7556|100	徐晃李典									500																						
|8107|8108|8109|	|8167|8168|8169|	2030	3	钢甲	物伤减免+15%	7556|200	徐晃李典																										-150					
|8102|8103|8104|8105|8106|8107|8108|8109|	|8032|8033|8034|8035|8036|8037|8038|8039|	2031	1	英武	攻击+3%	7556|50	徐晃曹纯							30																								
|8104|8105|8106|8107|8108|8109|	|8034|8035|8036|8037|8038|8039|	2031	2	奔突	平原骑兵攻击+20%	7556|100	徐晃曹纯																												24921			
|8107|8108|8109|	|8037|8038|8039|	2031	3	饮血	物理吸血+15%	7556|200	徐晃曹纯																						150									
|8262|8263|8264|8265|8266|8267|8268|8269|	|8272|8273|8274|8275|8276|8277|8278|8279|	2040	1	运筹	法抗+50%	7556|50	荀荀攸					500																										
|8264|8265|8266|8267|8268|8269|	|8274|8275|8276|8277|8278|8279|	2040	2	坚韧	生命+10%	7556|100	荀荀攸								100																							
|8267|8268|8269|	|8277|8278|8279|	2040	3	帷幄	使用技能后法术免疫5秒	7556|200	荀荀攸																												24924			
|8262|8263|8264|8265|8266|8267|8268|8269|	|8322|8323|8324|8325|8326|8327|8328|8329|	2041	1	拓野	视野+100	7556|50	荀刘晔																		100													
|8264|8265|8266|8267|8268|8269|	|8324|8325|8326|8327|8328|8329|	2041	2	精器	综合地形器械移速光环+20%	7556|100	荀刘晔																												24925			
|8267|8268|8269|	|8327|8328|8329|	2041	3	攻城	攻城攻击+10%	7556|200	荀刘晔											100																				
|8262|8263|8264|8265|8266|8267|8268|8269|	|8502|8503|8504|8505|8506|8507|8508|8509|	2042	1	坚忍	生命+5%	7556|50	荀甄姬								50																							
|8264|8265|8266|8267|8268|8269|	|8504|8505|8506|8507|8508|8509|	2042	2	谨逸	cd缩减+5%	7556|100	荀甄姬		50																													
|8267|8268|8269|	|8507|8508|8509|	2042	3	战鼓	普通攻击每次额外增加2点士气	7556|200	荀甄姬																												24917			
|8262|8263|8264|8265|8266|8267|8268|8269|	|8042|8043|8044|8045|8046|8047|8048|8049|	2043	1	英武	攻击+3%	7556|50	荀曹彰							30																								
|8264|8265|8266|8267|8268|8269|	|8044|8045|8046|8047|8048|8049|	2043	2	奋战	攻速+5%	7556|100	荀曹彰	50																														
|8267|8268|8269|	|8047|8048|8049|	2043	3	破阵	使用技能后攻击+50%，持续10秒	7556|200	荀曹彰																												24919			
|8262|8263|8264|8265|8266|8267|8268|8269|	|8492|8493|8494|8495|8496|8497|8498|8499|	2044	1	驱虎	攻击+3%/n穿透+10%	7556|50	荀蔡文姬							30							100																	
|8264|8265|8266|8267|8268|8269|	|8494|8495|8496|8497|8498|8499|	2044	2	吞狼	基础暴击+50%	7556|100	荀蔡文姬									500																						
|8267|8268|8269|	|8497|8498|8499|	2044	3	哀绝	生命-5%/n攻击+20%	7556|200	荀蔡文姬							200																								
|8262|8263|8264|8265|8266|8267|8268|8269|	|10132|10133|10134|10135|10136|10137|10138|10139|	2045	1	英武	攻击+3%	7556|50	荀祝融							30																								
|8264|8265|8266|8267|8268|8269|	|10134|10135|10136|10137|10138|10139|	2045	2	渴饮	物理吸血+5%	7556|100	荀祝融																						50									
|8267|8268|8269|	|10137|10138|10139|	2045	3	清绝	生命-3%/cd缩减+15%	7556|200	荀祝融		150						-30																							
|8302|8303|8304|8305|8306|8307|8308|8309|	|8312|8313|8314|8315|8316|8317|8318|8319|	2050	1	英武	攻击+3%	7556|50	司马懿程昱							30																								
|8304|8305|8306|8307|8308|8309|	|8314|8315|8316|8317|8318|8319|	2050	2	智略	法抗+20%	7556|100	司马懿程昱					200																										
|8307|8308|8309|	|8317|8318|8319|	2050	3	神武	攻击+10%	7556|200	司马懿程昱							100																								
|8302|8303|8304|8305|8306|8307|8308|8309|	|8022|8023|8024|8025|8026|8027|8028|8029|	2051	1	坚甲	护甲+5%	7556|50	司马懿曹洪				50																											
|8304|8305|8306|8307|8308|8309|	|8024|8025|8026|8027|8028|8029|	2051	2	坚韧	生命+10%	7556|100	司马懿曹洪								100																							
|8307|8308|8309|	|8027|8028|8029|	2051	3	智饮	法术吸血+15%	7556|200	司马懿曹洪																							150								
|8282|8283|8284|8285|8286|8287|8288|8289|	|8022|8023|8024|8025|8026|8027|8028|8029|	2060	1	英武	攻击+3%	7556|50	郭嘉曹洪							30																								
|8284|8285|8286|8287|8288|8289|	|8024|8025|8026|8027|8028|8029|	2060	2	强甲	护甲+10%	7556|100	郭嘉曹洪				100																											
|8287|8288|8289|	|8027|8028|8029|	2060	3	坚韧	生命+10%	7556|200	郭嘉曹洪								100																							
|8282|8283|8284|8285|8286|8287|8288|8289|	|8272|8273|8274|8275|8276|8277|8278|8279|	2061	1	坚忍	生命+5%	7556|50	郭嘉荀攸								50																							
|8284|8285|8286|8287|8288|8289|	|8274|8275|8276|8277|8278|8279|	2061	2	坚韧	生命+10%	7556|100	郭嘉荀攸								100																							
|8287|8288|8289|	|8277|8278|8279|	2061	3	帷幄	使用技能后法术免疫5秒	7556|200	郭嘉荀攸																												24924			
|8152|8153|8154|8155|8156|8157|8158|8159|	|8122|8123|8124|8125|8126|8127|8128|8129|	2070	1	英武	攻击+3%	7556|50	许褚于禁							30																								
|8154|8155|8156|8157|8158|8159|	|8124|8125|8126|8127|8128|8129|	2070	2	奋战	攻速+5%	7556|100	许褚于禁	50																														
|8157|8158|8159|	|8127|8128|8129|	2070	3	饮血	物理吸血+15%	7556|200	许褚于禁																						150									
|8152|8153|8154|8155|8156|8157|8158|8159|	|10022|10023|10024|10025|10026|10027|10028|10029|	2071	1	奋战	攻速+5%	7556|50	许褚高顺	50																														
|8154|8155|8156|8157|8158|8159|	|10024|10025|10026|10027|10028|10029|	2071	2	狂暴	基础暴击+100%	7556|100	许褚高顺									1000																						
|8157|8158|8159|	|10027|10028|10029|	2071	3	头铁	攻击眩晕单位回复3%生命	7556|200	许褚高顺																												24933			
|8152|8153|8154|8155|8156|8157|8158|8159|	|10132|10133|10134|10135|10136|10137|10138|10139|	2072	1	坚忍	生命+5%	7556|50	许诸祝融								50																							
|8154|8155|8156|8157|8158|8159|	|10134|10135|10136|10137|10138|10139|	2072	2	渴饮	物理吸血+10%	7556|100	许诸祝融																						100									
|8157|8158|8159|	|10137|10138|10139|	2072	3	奔袭	攻击+10%/n增加4米范围内步兵10%移速	7556|200	许诸祝融							100																					24920			
|8292|8293|8294|8295|8296|8297|8298|8299|	|8312|8313|8314|8315|8316|8317|8318|8319|	2080	1	英武	攻击+3%	7556|50	贾诩程昱							30																								
|8294|8295|8296|8297|8298|8299|	|8314|8315|8316|8317|8318|8319|	2080	2	奋战	攻速+5%	7556|100	贾诩程昱	50																														
|8297|8298|8299|	|8317|8318|8319|	2080	3	鬼谋	使用技能命中敌方并造成技能伤害，则增加5点士气/n命中单位越多，士气增加越多，最多50点	7556|200	贾诩程昱																												24929			
|8292|8293|8294|8295|8296|8297|8298|8299|	|10192|10193|10194|10195|10196|10197|10198|10199|	2081	1	英武	攻击+3%	7556|50	贾诩华雄							30																								
|8294|8295|8296|8297|8298|8299|	|10194|10195|10196|10197|10198|10199|	2081	2	暴烈	基础暴击+50%	7556|100	贾诩华雄									500																						
|8297|8298|8299|	|10197|10198|10199|	2081	3	神武	攻击+10%	7556|200	贾诩华雄							100																								
|8292|8293|8294|8295|8296|8297|8298|8299|	|10042|10043|10044|10045|10046|10047|10048|10049|	2082	1	精武	攻击+5%	7556|50	贾诩李							50																								
|8294|8295|8296|8297|8298|8299|	|10044|10045|10046|10047|10048|10049|	2082	2	奋决	攻速+10%	7556|100	贾诩李	100																														
|8297|8298|8299|	|10047|10048|10049|	2082	3	虎势	基础暴击+100%	7556|200	贾诩李									1000																						
|8292|8293|8294|8295|8296|8297|8298|8299|	|10132|10133|10134|10135|10136|10137|10138|10139|	2083	1	英武	攻击+3%	7556|50	贾诩祝融							30																								
|8294|8295|8296|8297|8298|8299|	|10134|10135|10136|10137|10138|10139|	2083	2	深谋	法术穿透+20%	7556|100	贾诩祝融															200																
|8297|8298|8299|	|10137|10138|10139|	2083	3	碧水	CD缩减+10%	7556|200	贾诩祝融		100																													
|8082|8083|8084|8085|8086|8087|8088|8089|	|8492|8493|8494|8495|8496|8497|8498|8499|	2090	1	英武	攻击+3%	7556|50	夏侯渊蔡文姬							30																								
|8084|8085|8086|8087|8088|8089|	|8494|8495|8496|8497|8498|8499|	2090	2	奋战	攻速+5%	7556|100	夏侯渊蔡文姬	50																														
|8087|8088|8089|	|8497|8498|8499|	2090	3	神武	攻击+10%	7556|200	夏侯渊蔡文姬							100																								
|8082|8083|8084|8085|8086|8087|8088|8089|	|8022|8023|8024|8025|8026|8027|8028|8029|	2091	1	坚甲	护甲+5%	7556|50	夏侯渊曹洪				50																											
|8084|8085|8086|8087|8088|8089|	|8024|8025|8026|8027|8028|8029|	2091	2	坚韧	生命+10%	7556|100	夏侯渊曹洪								100																							
|8087|8088|8089|	|8027|8028|8029|	2091	3	智饮	法术吸血+15%	7556|200	夏侯渊曹洪																							150								
|8082|8083|8084|8085|8086|8087|8088|8089|	|8312|8313|8314|8315|8316|8317|8318|8319|	2092	1	英武	攻击+3%	7556|50	夏侯渊程昱							30																								
|8084|8085|8086|8087|8088|8089|	|8314|8315|8316|8317|8318|8319|	2092	2	智饮	法术吸血+10%	7556|100	夏侯渊程昱																							100								
|8087|8088|8089|	|8317|8318|8319|	2092	3	破阵	使用技能后攻击+50%，持续10秒	7556|200	夏侯渊程昱																												24919			
|8082|8083|8084|8085|8086|8087|8088|8089|	|10132|10133|10134|10135|10136|10137|10138|10139|	2093	1	奋武	攻速+3%	7556|50	夏侯渊祝融	30																														
|8084|8085|8086|8087|8088|8089|	|10134|10135|10136|10137|10138|10139|	2093	2	暴烈	基础暴击+50%	7556|100	夏侯渊祝融									500																						
|8087|8088|8089|	|10137|10138|10139|	2093	3	谨逸	cd缩减+10%	7556|200	夏侯渊祝融		100																													
|8082|8083|8084|8085|8086|8087|8088|8089|	|10192|10193|10194|10195|10196|10197|10198|10199|	2094	1	英武	攻击+3%	7556|50	夏侯渊华雄							30																								
|8084|8085|8086|8087|8088|8089|	|10194|10195|10196|10197|10198|10199|	2094	2	精武	攻击+5%	7556|100	夏侯渊华雄							50																								
|8087|8088|8089|	|10197|10198|10199|	2094	3	战复	击杀一个部队回复10%生命	7556|200	夏侯渊华雄																												24931			
|8142|8143|8144|8145|8146|8147|8148|8149|	|8062|8063|8064|8065|8066|8067|8068|8069|	2100	1	昂扬	攻速+5%	7556|50	典韦牛金	50																														
|8144|8145|8146|8147|8148|8149|	|8064|8065|8066|8067|8068|8069|	2100	2	坚韧	生命+10%	7556|100	典韦牛金								100																							
|8147|8148|8149|	|8067|8068|8069|	2100	3	战复	击杀一个部队回复10%生命	7556|200	典韦牛金																												24931			
|8132|8133|8134|8135|8136|8137|8138|8139|	|8342|8343|8344|8345|8346|8347|8348|8349|	2110	1	英武	攻击+3%	7556|50	乐进曹冲	30																														
|8134|8135|8136|8137|8138|8139|	|8344|8345|8346|8347|8348|8349|	2110	2	坚韧	生命+10%	7556|100	乐进曹冲								100																							
|8137|8138|8139|	|8347|8348|8349|	2110	3	破阵	使用技能后攻击+50%，持续10秒	7556|200	乐进曹冲																												24919			
|8512|8513|8514|8515|8516|8517|8518|8519|	|8602|8603|8604|8605|8606|8607|8608|8609|	3000	1	英武	攻击+3%	7556|50	关羽关平							30																								
|8514|8515|8516|8517|8518|8519|	|8604|8605|8606|8607|8608|8609|	3000	2	渴饮	物理吸血+10%	7556|100	关羽关平																						100									
|8517|8518|8519|	|8607|8608|8609|	3000	3	奔袭	攻击+10%/n增加4米范围内步兵10%移速	7556|200	关羽关平							100																					24920			
|8522|8523|8524|8525|8526|8527|8528|8529|	|8622|8623|8624|8625|8626|8627|8628|8629|	3010	1	英武	攻击+3%	7556|50	张飞张苞							30																								
|8524|8525|8526|8527|8528|8529|	|8624|8625|8626|8627|8628|8629|	3010	2	饮血	物理吸血+3%，物理穿透+10%	7556|100	张飞张苞														100								30									
|8527|8528|8529|	|8627|8628|8629|	3010	3	渴饮	暴击伤害+20%，物理吸血+5%	7556|200	张飞张苞																						50		300							
|8522|8523|8524|8525|8526|8527|8528|8529|	|10192|10193|10194|10195|10196|10197|10198|10199|	3011	1	英武	攻击+3%	7556|50	张飞华雄							30																								
|8524|8525|8526|8527|8528|8529|	|10194|10195|10196|10197|10198|10199|	3011	2	精武	攻击+8%	7556|100	张飞华雄							80																								
|8527|8528|8529|	|10197|10198|10199|	3011	3	战复	击杀一个部队回复10%生命	7556|200	张飞华雄																												24931			
|8532|8533|8534|8535|8536|8537|8538|8539|	|8672|8673|8674|8675|8676|8677|8678|8679|	3020	1	坚忍	生命+5%	7556|50	赵云王平								50																							
|8534|8535|8536|8537|8538|8539|	|8674|8675|8676|8677|8678|8679|	3020	2	暴烈	基础暴击+50%	7556|100	赵云王平									500																						
|8537|8538|8539|	|8677|8678|8679|	3020	3	勇武	攻击+10%	7556|200	赵云王平							100																								
|8532|8533|8534|8535|8536|8537|8538|8539|	|8652|8653|8654|8655|8656|8657|8658|8659|	3021	1	英武	攻击+3%	7556|50	赵云严颜							30																								
|8534|8535|8536|8537|8538|8539|	|8654|8655|8656|8657|8658|8659|	3021	2	暴烈	基础暴击+50%	7556|100	赵云严颜									500																						
|8537|8538|8539|	|8657|8658|8659|	3021	3	奋决	攻速+10%	7556|200	赵云严颜	100																														
|8532|8533|8534|8535|8536|8537|8538|8539|	|8962|8963|8964|8965|8966|8967|8968|8969|	3022	1	昂扬	攻速+5%	7556|50	赵云邓芝	50																														
|8534|8535|8536|8537|8538|8539|	|8964|8965|8966|8967|8968|8969|	3022	2	暴烈	基础暴击+50%	7556|100	赵云邓芝									500																						
|8537|8538|8539|	|8967|8968|8969|	3022	3	饮血	物理吸血+10%	7556|200	赵云邓芝																						100									
|8532|8533|8534|8535|8536|8537|8538|8539|	|8812|8813|8814|8815|8816|8817|8818|8819|	3023	1	英武	攻击+3%	7556|50	赵云马谡							30																								
|8534|8535|8536|8537|8538|8539|	|8814|8815|8816|8817|8818|8819|	3023	2	暴烈	基础暴击+50%	7556|100	赵云马谡									500																						
|8537|8538|8539|	|8817|8818|8819|	3023	3	狂暴	基础暴击+100%	7556|200	赵云马谡									1000																						
|8532|8533|8534|8535|8536|8537|8538|8539|	|8582|8583|8584|8585|8586|8587|8588|8589|	3024	1	强甲	护甲+10%	7556|50	赵云陈到				100																											
|8534|8535|8536|8537|8538|8539|	|8584|8585|8586|8587|8588|8589|	3024	2	奋战	攻速+5%	7556|100	赵云陈到	50																														
|8537|8538|8539|	|8587|8588|8589|	3024	3	饮血	物理吸血+10%	7556|200	赵云陈到																						100									
|8532|8533|8534|8535|8536|8537|8538|8539|	|10162|10163|10164|10165|10166|10167|10168|10169|	3025	1	强甲	护甲+10%	7556|50	赵云兀突骨				100																											
|8534|8535|8536|8537|8538|8539|	|10164|10165|10166|10167|10168|10169|	3025	2	格挡	格挡+30%	7556|100	赵云兀突骨						300																									
|8537|8538|8539|	|10167|10168|10169|	3025	3	坚韧	生命+10%	7556|200	赵云兀突骨								100																							
|8532|8533|8534|8535|8536|8537|8538|8539|	|10132|10133|10134|10135|10136|10137|10138|10139|	3026	1	破甲	物理穿透+20%	7556|50	赵云祝融														200																	
|8534|8535|8536|8537|8538|8539|	|10134|10135|10136|10137|10138|10139|	3026	2	暴烈	基础暴击+50%	7556|100	赵云祝融									500																						
|8537|8538|8539|	|10137|10138|10139|	3026	3	饮血	物理吸血+10%	7556|200	赵云祝融																						100									
|8542|8543|8544|8545|8546|8547|8548|8549|	|8622|8623|8624|8625|8626|8627|8628|8629|	3030	1	暴烈	基础暴击+50%	7556|50	马超张苞									500																						
|8544|8545|8546|8547|8548|8549|	|8624|8625|8626|8627|8628|8629|	3030	2	奋战	攻速+5%	7556|100	马超张苞	50																														
|8547|8548|8549|	|8627|8628|8629|	3030	3	奋决	攻速+10%	7556|200	马超张苞	100																														
|8542|8543|8544|8545|8546|8547|8548|8549|	|10112|10113|10114|10115|10116|10117|10118|10119|	3031	1	英武	攻击+3%	7556|50	马超蹋顿							30																								
|8544|8545|8546|8547|8548|8549|	|10114|10115|10116|10117|10118|10119|	3031	2	奋战	攻速+5%	7556|100	马超蹋顿	50																														
|8547|8548|8549|	|10117|10118|10119|	3031	3	神武	攻击+10%	7556|200	马超蹋顿							100																								
|8552|8553|8554|8555|8556|8557|8558|8559|	|8652|8653|8654|8655|8656|8657|8658|8659|	3040	1	奋武	攻速+3%	7556|50	黄忠严颜	30																														
|8554|8555|8556|8557|8558|8559|	|8654|8655|8656|8657|8658|8659|	3040	2	精武	攻击+5%	7556|100	黄忠严颜							50																								
|8557|8558|8559|	|8657|8658|8659|	3040	3	饮血	物理吸血+10%	7556|200	黄忠严颜																						100									
|8552|8553|8554|8555|8556|8557|8558|8559|	|8672|8673|8674|8675|8676|8677|8678|8679|	3041	1	奋武	攻速+3%	7556|50	黄忠王平	30																														
|8554|8555|8556|8557|8558|8559|	|8674|8675|8676|8677|8678|8679|	3041	2	奋战	攻速+5%	7556|100	黄忠王平	50																														
|8557|8558|8559|	|8677|8678|8679|	3041	3	谨逸	cd缩减+10%	7556|200	黄忠王平		100																													
|8552|8553|8554|8555|8556|8557|8558|8559|	|8962|8963|8964|8965|8966|8967|8968|8969|	3042	1	奋武	攻速+3%	7556|50	黄忠邓芝	30																														
|8554|8555|8556|8557|8558|8559|	|8964|8965|8966|8967|8968|8969|	3042	2	奋战	攻速+5%	7556|100	黄忠邓芝	50																														
|8557|8558|8559|	|8967|8968|8969|	3042	3	奋决	攻速+10%	7556|200	黄忠邓芝	100																														
|8552|8553|8554|8555|8556|8557|8558|8559|	|10132|10133|10134|10135|10136|10137|10138|10139|	3043	1	奋武	攻速+3%	7556|50	黄忠祝融	30																														
|8554|8555|8556|8557|8558|8559|	|10134|10135|10136|10137|10138|10139|	3043	2	暴烈	基础暴击+50%	7556|100	黄忠祝融									500																						
|8557|8558|8559|	|10137|10138|10139|	3043	3	谨逸	cd缩减+10%	7556|200	黄忠祝融		100																													
|8552|8553|8554|8555|8556|8557|8558|8559|	|10192|10193|10194|10195|10196|10197|10198|10199|	3044	1	英武	攻击+5%	7556|50	黄忠华雄							50																								
|8554|8555|8556|8557|8558|8559|	|10194|10195|10196|10197|10198|10199|	3044	2	精武	攻击+10%	7556|100	黄忠华雄							100																								
|8557|8558|8559|	|10197|10198|10199|	3044	3	神武	攻击+15%，法术穿透+30%	7556|200	黄忠华雄							150								300																
|8562|8563|8564|8565|8566|8567|8568|8569|	|8642|8643|8644|8645|8646|8647|8648|8649|	3050	1	强甲	护甲+10%	7556|50	魏延李严				100																											
|8564|8565|8566|8567|8568|8569|	|8644|8645|8646|8647|8648|8649|	3050	2	奋战	攻速+5%	7556|100	魏延李严	50																														
|8567|8568|8569|	|8647|8648|8649|	3050	3	坚韧	生命+10%	7556|200	魏延李严								100																							
|8562|8563|8564|8565|8566|8567|8568|8569|	|8582|8583|8584|8585|8586|8587|8588|8589|	3051	1	奋武	攻速+3%	7556|50	魏延陈到	30																														
|8564|8565|8566|8567|8568|8569|	|8584|8585|8586|8587|8588|8589|	3051	2	奋战	攻速+5%	7556|100	魏延陈到	50																														
|8567|8568|8569|	|8587|8588|8589|	3051	3	坚韧	生命+10%	7556|200	魏延陈到								100																							
|8562|8563|8564|8565|8566|8567|8568|8569|	|8742|8743|8744|8745|8746|8747|8748|8749|	3052	1	英武	攻击+5%	7556|50	魏延刘封	50																														
|8564|8565|8566|8567|8568|8569|	|8744|8745|8746|8747|8748|8749|	3052	2	强甲	护甲+10%	7556|100	魏延刘封				100																											
|8567|8568|8569|	|8747|8748|8749|	3052	3	坚韧	生命+10%	7556|200	魏延刘封								100																							
|8562|8563|8564|8565|8566|8567|8568|8569|	|10162|10163|10164|10165|10166|10167|10168|10169|	3053	1	强甲	护甲+10%	7556|50	魏延兀突骨				100																											
|8564|8565|8566|8567|8568|8569|	|10164|10165|10166|10167|10168|10169|	3053	2	坚韧	生命+6%	7556|100	魏延兀突骨								60																							
|8567|8568|8569|	|10167|10168|10169|	3053	3	强命	生命+10%	7556|200	魏延兀突骨								100																							
|8762|8763|8764|8765|8766|8767|8768|8769|	|8822|8823|8824|8825|8826|8827|8828|8829|	3060	1	智算	法伤加成+10%	7556|50	诸葛亮黄月英																														100	
|8764|8765|8766|8767|8768|8769|	|8824|8825|8826|8827|8828|8829|	3060	2	伉俪	法穿+20%，法术吸血+10%	7556|100	诸葛亮黄月英														200									100								
|8767|8768|8769|	|8827|8828|8829|	3060	3	战鼓	普通攻击每次额外增加2点士气	7556|200	诸葛亮黄月英																												24917			
|8762|8763|8764|8765|8766|8767|8768|8769|	|8642|8643|8644|8645|8646|8647|8648|8649|	3061	1	英武	攻击+3%	7556|50	诸葛亮李严							30																								
|8764|8765|8766|8767|8768|8769|	|8644|8645|8646|8647|8648|8649|	3061	2	奋战	攻速+5%	7556|100	诸葛亮李严	50																														
|8767|8768|8769|	|8647|8648|8649|	3061	3	智饮	法术吸血+15%	7556|200	诸葛亮李严																							150								
|8762|8763|8764|8765|8766|8767|8768|8769|	|8962|8963|8964|8965|8966|8967|8968|8969|	3062	1	智略	法抗+20%	7556|50	诸葛亮邓芝					200																										
|8764|8765|8766|8767|8768|8769|	|8964|8965|8966|8967|8968|8969|	3062	2	智取	法穿+20%	7556|100	诸葛亮邓芝															200																
|8767|8768|8769|	|8967|8968|8969|	3062	3	明谋	使用技能命中敌方并造成技能伤害，则增加5点士气/n命中单位越多，士气增加越多，最多50点	7556|200	诸葛亮邓芝																												24929			
|8762|8763|8764|8765|8766|8767|8768|8769|	|8812|8813|8814|8815|8816|8817|8818|8819|	3063	1	智饮	法术吸血+10%	7556|50	诸葛亮马谡																							100								
|8764|8765|8766|8767|8768|8769|	|8814|8815|8816|8817|8818|8819|	3063	2	攻心	生命-5%，攻击+15%	7556|100	诸葛亮马谡							150	-50																							
|8767|8768|8769|	|8817|8818|8819|	3063	3	挥泪	护甲-5%，cd缩减+10%	7556|200	诸葛亮马谡		100		-50																											
|8772|8773|8774|8775|8776|8777|8778|8779|	|8722|8723|8724|8725|8726|8727|8728|8729|	3070	1	智取	法抗+20%	7556|50	庞统向宠					200																										
|8774|8775|8776|8777|8778|8779|	|8724|8725|8726|8727|8728|8729|	3070	2	谨逸	cd缩减+5%	7556|100	庞统向宠		50																													
|8777|8778|8779|	|8727|8728|8729|	3070	3	战鼓	普通攻击每次额外增加2点士气	7556|200	庞统向宠																												24917			
|8772|8773|8774|8775|8776|8777|8778|8779|	|10052|10053|10054|10055|10056|10057|10058|10059|	3071	1	缘起	生命-5%，攻速+25%	7556|50	庞统貂蝉	250							-50																							
|8774|8775|8776|8777|8778|8779|	|10054|10055|10056|10057|10058|10059|	3071	2	梦回	cd缩减+5%，法抗+20%	7556|100	庞统貂蝉		50			200																										
|8777|8778|8779|	|10057|10058|10059|	3071	3	神女	cd缩减+10%/n普通攻击每次额外增加2点士气	7556|200	庞统貂蝉		100																										24917			
|8782|8783|8784|8785|8786|8787|8788|8789|	|10132|10133|10134|10135|10136|10137|10138|10139|	3080	1	英武	攻击+3%	7556|50	法正祝融							30																								
|8784|8785|8786|8787|8788|8789|	|10134|10135|10136|10137|10138|10139|	3080	2	鼓舞	普通攻击每次额外增加1点士气	7556|100	法正祝融																												24926			
|8787|8788|8789|	|10137|10138|10139|	3080	3	挥泪	护甲-5%，cd缩减+10%	7556|200	法正祝融		100		-50											300																
|8572|8573|8574|8575|8576|8577|8578|8579|	|8642|8643|8644|8645|8646|8647|8648|8649|	3090	1	奋武	攻速+3%	7556|50	姜维李严	30																														
|8574|8575|8576|8577|8578|8579|	|8644|8645|8646|8647|8648|8649|	3090	2	强攻	器械攻击+10%	7556|100	姜维李严											100																				
|8577|8578|8579|	|8647|8648|8649|	3090	3	拓野	视野+100	7556|200	姜维李严																		100													
|8572|8573|8574|8575|8576|8577|8578|8579|	|10162|10163|10164|10165|10166|10167|10168|10169|	3091	1	奋武	攻速+3%	7556|50	姜维突兀骨	30																														
|8574|8575|8576|8577|8578|8579|	|10164|10165|10166|10167|10168|10169|	3091	2	强甲	护甲+10%	7556|100	姜维突兀骨				100																											
|8577|8578|8579|	|10167|10168|10169|	3091	3	刚烈	物伤反弹+5%	7556|200	姜维突兀骨																				50											
|8572|8573|8574|8575|8576|8577|8578|8579|	|8582|8583|8584|8585|8586|8587|8588|8589|	3092	1	奋武	攻速+3%	7556|50	姜维陈到	30																														
|8574|8575|8576|8577|8578|8579|	|8584|8585|8586|8587|8588|8589|	3092	2	奋战	攻速+5%	7556|100	姜维陈到	50																														
|8577|8578|8579|	|8587|8588|8589|	3092	3	刚烈	物理反弹+5%	7556|200	姜维陈到																				50											
|8572|8573|8574|8575|8576|8577|8578|8579|	|8672|8673|8674|8675|8676|8677|8678|8679|	3093	1	奋武	攻速+3%	7556|50	姜维王平	30																														
|8574|8575|8576|8577|8578|8579|	|8674|8675|8676|8677|8678|8679|	3093	2	精武	攻击+5%	7556|100	姜维王平							50																								
|8577|8578|8579|	|8677|8678|8679|	3093	3	饮血	物理吸血+10%	7556|200	姜维王平																						100									
|8872|8873|8874|8875|8876|8877|8878|8879|	|8722|8723|8724|8725|8726|8727|8728|8729|	3100	1	奋武	攻速+3%	7556|50	徐庶向宠	30																														
|8874|8875|8876|8877|8878|8879|	|8724|8725|8726|8727|8728|8729|	3100	2	谨逸	cd缩减+5%	7556|100	徐庶向宠		50																													
|8877|8878|8879|	|8727|8728|8729|	3100	3	战鼓	普通攻击每次额外增加2点士气	7556|200	徐庶向宠																												24917			
|8632|8633|8634|8635|8636|8637|8638|8639|	|10072|10073|10074|10075|10076|10077|10078|10079|	3110	1	奋武	攻速+3%	7556|50	马岱文丑	30																														
|8634|8635|8636|8637|8638|8639|	|10074|10075|10076|10077|10078|10079|	3110	2	强甲	护甲+10%	7556|100	马岱文丑				100																											
|8637|8638|8639|	|10077|10078|10079|	3110	3	奋决	攻速+15%	7556|200	马岱文丑	150																														
|9512|9513|9514|9515|9516|9517|9518|9519|	|9992|9993|9994|9995|9996|9997|9998|9999|	4000	1	英武	攻击+3%	7556|50	孙策大乔							30																								
|9514|9515|9516|9517|9518|9519|	|9994|9995|9996|9997|9998|9999|	4000	2	鼓舞	普通攻击每次额外增加1点士气	7556|100	孙策大乔																												24926			
|9517|9518|9519|	|9997|9998|9999|	4000	3	刚烈	物伤反弹+5%	7556|200	孙策大乔																				50											
|9512|9513|9514|9515|9516|9517|9518|9519|	|9572|9573|9574|9575|9576|9577|9578|9579|	4001	1	英武	攻击+3%	7556|50	孙策程普							30																								
|9514|9515|9516|9517|9518|9519|	|9574|9575|9576|9577|9578|9579|	4001	2	奋战	攻速+5%	7556|100	孙策程普	50																														
|9517|9518|9519|	|9577|9578|9579|	4001	3	坚韧	生命+10%	7556|200	孙策程普								100																							
|9512|9513|9514|9515|9516|9517|9518|9519|	|9602|9603|9604|9605|9606|9607|9608|9609|	4002	1	奋战	攻速+5%	7556|50	孙策祖茂	50																														
|9514|9515|9516|9517|9518|9519|	|9604|9605|9606|9607|9608|9609|	4002	2	猛攻	攻速+10%	7556|100	孙策祖茂	100																														
|9517|9518|9519|	|9607|9608|9609|	4002	3	奋决	攻速+15%	7556|200	孙策祖茂	150																														
|9562|9563|9564|9565|9566|9567|9568|9569|	|9602|9603|9604|9605|9606|9607|9608|9609|	4010	1	奋战	攻速+5%	7556|50	太史慈祖茂	50																														
|9564|9565|9566|9567|9568|9569|	|9604|9605|9606|9607|9608|9609|	4010	2	渴饮	物理吸血+5%	7556|100	太史慈祖茂																						50									
|9567|9568|9569|	|9607|9608|9609|	4010	3	骑战	骑兵平原攻速+20%	7556|200	太史慈祖茂																												24927			
|9562|9563|9564|9565|9566|9567|9568|9569|	|9572|9573|9574|9575|9576|9577|9578|9579|	4011	1	奋战	攻速+5%	7556|50	太史慈程普	50																														
|9564|9565|9566|9567|9568|9569|	|9574|9575|9576|9577|9578|9579|	4011	2	破甲	物理穿透+30%	7556|100	太史慈程普														300																	
|9567|9568|9569|	|9577|9578|9579|	4011	3	神武	攻击+10%	7556|200	太史慈程普							100																								
|9562|9563|9564|9565|9566|9567|9568|9569|	|10112|10113|10114|10115|10116|10117|10118|10119|	4012	1	奋战	攻速+5%	7556|50	太史慈蹋顿	50																														
|9564|9565|9566|9567|9568|9569|	|10114|10115|10116|10117|10118|10119|	4012	2	渴饮	物理吸血+5%	7556|100	太史慈蹋顿																						50									
|9567|9568|9569|	|10117|10118|10119|	4012	3	奋决	攻速+10%	7556|200	太史慈蹋顿	100																														
|9562|9563|9564|9565|9566|9567|9568|9569|	|10192|10193|10194|10195|10196|10197|10198|10199|	4013	1	奋战	攻速+5%	7556|50	太史慈华雄	50																														
|9564|9565|9566|9567|9568|9569|	|10194|10195|10196|10197|10198|10199|	4013	2	鼓舞	普通攻击每次额外增加1点士气	7556|100	太史慈华雄																												24926			
|9567|9568|9569|	|10197|10198|10199|	4013	3	虎势	基础暴击+100%	7556|200	太史慈华雄									1000																						
|9522|9523|9524|9525|9526|9527|9528|9529|	|9842|9843|9844|9845|9846|9847|9848|9849|	4020	1	奋战	攻速+5%	7556|50	孙尚香诸葛恪	50																														
|9524|9525|9526|9527|9528|9529|	|9844|9845|9846|9847|9848|9849|	4020	2	破甲	物理穿透+30%	7556|100	孙尚香诸葛恪														300																	
|9527|9528|9529|	|9847|9848|9849|	4020	3	奋决	攻速+20%	7556|200	孙尚香诸葛恪	200																														
|9522|9523|9524|9525|9526|9527|9528|9529|	|9992|9993|9994|9995|9996|9997|9998|9999|	4021	1	暴烈	基础暴击+50%	7556|50	孙尚香大乔									500																						
|9524|9525|9526|9527|9528|9529|	|9994|9995|9996|9997|9998|9999|	4021	2	猛攻	攻速+10%	7556|100	孙尚香大乔	100																														
|9527|9528|9529|	|9997|9998|9999|	4021	3	虎势	普通攻击暴击则+5士气	7556|200	孙尚香大乔																												24930			
|9522|9523|9524|9525|9526|9527|9528|9529|	|10002|10003|10004|10005|10006|10007|10008|10009|	4022	1	奋战	攻速+5%	7556|50	孙尚香小乔	50																														
|9524|9525|9526|9527|9528|9529|	|10004|10005|10006|10007|10008|10009|	4022	2	渴饮	物理吸血+5%	7556|100	孙尚香小乔																						50									
|9527|9528|9529|	|10007|10008|10009|	4022	3	沉鱼	cd缩减+6%	7556|200	孙尚香小乔		60																													
|9522|9523|9524|9525|9526|9527|9528|9529|	|9832|9833|9834|9835|9836|9837|9838|9839|	4023	1	英武	攻击+3%	7556|50	孙尚香诸葛瑾							30																								
|9524|9525|9526|9527|9528|9529|	|9834|9835|9836|9837|9838|9839|	4023	2	猛攻	攻速+10%	7556|100	孙尚香诸葛瑾	100																														
|9527|9528|9529|	|9837|9838|9839|	4023	3	暴伤	暴击伤害+30%	7556|200	孙尚香诸葛瑾																								300							
|9612|9613|9614|9615|9616|9617|9618|9619|	|9592|9593|9594|9595|9596|9597|9598|9599|	4030	1	英武	攻击+3%	7556|50	甘宁韩当							30																								
|9614|9615|9616|9617|9618|9619|	|9594|9595|9596|9597|9598|9599|	4030	2	山战	步兵山地攻速+20%	7556|100	甘宁韩当																												24928			
|9617|9618|9619|	|9597|9598|9599|	4030	3	神武	攻击+10%	7556|200	甘宁韩当							100																								
|9612|9613|9614|9615|9616|9617|9618|9619|	|9602|9603|9604|9605|9606|9607|9608|9609|	4031	1	英武	攻击+3%	7556|50	甘宁祖茂							30																								
|9614|9615|9616|9617|9618|9619|	|9604|9605|9606|9607|9608|9609|	4031	2	山战	步兵山地攻速+20%	7556|100	甘宁祖茂																												24928			
|9617|9618|9619|	|9607|9608|9609|	4031	3	狂攻	攻速+12%	7556|200	甘宁祖茂	120																														
|9612|9613|9614|9615|9616|9617|9618|9619|	|9832|9833|9834|9835|9836|9837|9838|9839|	4032	1	英武	攻击+3%	7556|50	甘宁诸葛瑾																															
|9614|9615|9616|9617|9618|9619|	|9834|9835|9836|9837|9838|9839|	4032	2	暴烈	基础暴击+100%	7556|100	甘宁诸葛瑾									1000																						
|9617|9618|9619|	|9837|9838|9839|	4032	3	战复	击杀一个部队回复10%生命	7556|200	甘宁诸葛瑾																												24931			
|9582|9583|9584|9585|9586|9587|9588|9589|	|9832|9833|9834|9835|9836|9837|9838|9839|	4040	1	英武	攻击+3%	7556|50	黄盖诸葛瑾							30																								
|9584|9585|9586|9587|9588|9589|	|9834|9835|9836|9837|9838|9839|	4040	2	智略	CD缩减+5%	7556|100	黄盖诸葛瑾		50																													
|9587|9588|9589|	|9837|9838|9839|	4040	3	战鼓	普通攻击每次额外增加2点士气	7556|200	黄盖诸葛瑾																												24917			
|9582|9583|9584|9585|9586|9587|9588|9589|	|10132|10133|10134|10135|10136|10137|10138|10139|	4041	1	老骥	生命+3%	7556|50	黄盖祝融								30																							
|9584|9585|9586|9587|9588|9589|	|10134|10135|10136|10137|10138|10139|	4041	2	武略	攻击+3%/n攻城攻击+3%	7556|100	黄盖祝融							30				30																				
|9587|9588|9589|	|10137|10138|10139|	4041	3	智饮	法术吸血+15%	7556|200	黄盖祝融																							150								
|9722|9723|9724|9725|9726|9727|9728|9729|	|9572|9573|9574|9575|9576|9577|9578|9579|	4050	1	英武	攻击+3%	7556|50	沈莹程普							30																								
|9724|9725|9726|9727|9728|9729|	|9574|9575|9576|9577|9578|9579|	4050	2	渴饮	物理吸血+10%	7556|100	沈莹程普																						100									
|9727|9728|9729|	|9577|9578|9579|	4050	3	神武	攻击+10%	7556|200	沈莹程普							100																								
|9722|9723|9724|9725|9726|9727|9728|9729|	|9592|9593|9594|9595|9596|9597|9598|9599|	4051	1	英武	攻击+3%	7556|50	沈莹韩当							30																								
|9724|9725|9726|9727|9728|9729|	|9594|9595|9596|9597|9598|9599|	4051	2	奔袭	增加4米范围内步兵10%移速	7556|100	沈莹韩当																												24920			
|9727|9728|9729|	|9597|9598|9599|	4051	3	神武	攻击+10%	7556|200	沈莹韩当							100																								
|9722|9723|9724|9725|9726|9727|9728|9729|	|9832|9833|9834|9835|9836|9837|9838|9839|	4052	1	英武	攻击+3%	7556|50	沈莹诸葛瑾							30																								
|9724|9725|9726|9727|9728|9729|	|9834|9835|9836|9837|9838|9839|	4052	2	智略	CD缩减+5%	7556|100	沈莹诸葛瑾		50																													
|9727|9728|9729|	|9837|9838|9839|	4052	3	谨逸	cd缩减+10%	7556|200	沈莹诸葛瑾		100																													
|9792|9793|9794|9795|9796|9797|9798|9799|	|10002|10003|10004|10005|10006|10007|10008|10009|	4060	1	英武	攻击+3%	7556|50	周瑜小乔							30																								
|9794|9795|9796|9797|9798|9799|	|10004|10005|10006|10007|10008|10009|	4060	2	英姿	法术穿透+30%	7556|100	周瑜小乔															300																
|9797|9798|9799|	|10007|10008|10009|	4060	3	谨逸	cd缩减+10%	7556|200	周瑜小乔		100																													
|9792|9793|9794|9795|9796|9797|9798|9799|	|9832|9833|9834|9835|9836|9837|9838|9839|	4061	1	英武	攻击+5%	7556|50	周瑜诸葛瑾							50																								
|9794|9795|9796|9797|9798|9799|	|9834|9835|9836|9837|9838|9839|	4061	2	精武	攻击+8%	7556|100	周瑜诸葛瑾							80																								
|9797|9798|9799|	|9837|9838|9839|	4061	3	智饮	法术吸血+15%	7556|200	周瑜诸葛瑾																							150								
|9812|9813|9814|9815|9816|9817|9818|9819|	|9832|9833|9834|9835|9836|9837|9838|9839|	4070	1	智略	法抗+20%	7556|50	陆逊诸葛瑾					200																										
|9814|9815|9816|9817|9818|9819|	|9834|9835|9836|9837|9838|9839|	4070	2	精武	攻击+5%	7556|100	陆逊诸葛瑾							50																								
|9817|9818|9819|	|9837|9838|9839|	4070	3	神武	攻击+10%	7556|200	陆逊诸葛瑾							100																								
|9812|9813|9814|9815|9816|9817|9818|9819|	|10132|10133|10134|10135|10136|10137|10138|10139|	4071	1	英武	攻击+3%	7556|50	陆逊祝融							30																								
|9814|9815|9816|9817|9818|9819|	|10134|10135|10136|10137|10138|10139|	4071	2	智略	CD缩减+5%	7556|100	陆逊祝融		50																													
|9817|9818|9819|	|10137|10138|10139|	4071	3	英姿	普通攻击每次额外增加2点士气	7556|200	陆逊祝融																												24917			
|9732|9733|9734|9735|9736|9737|9738|9739|	|9832|9833|9834|9835|9836|9837|9838|9839|	4080	1	潜行	潜行+100	7556|50	吕蒙诸葛瑾																100															
|9734|9735|9736|9737|9738|9739|	|9834|9835|9836|9837|9838|9839|	4080	2	坚忍	生命+5%	7556|100	吕蒙诸葛瑾								50																							
|9737|9738|9739|	|9837|9838|9839|	4080	3	坚韧	生命+10%	7556|200	吕蒙诸葛瑾								100																							
|9732|9733|9734|9735|9736|9737|9738|9739|	|9642|9643|9644|9645|9646|9647|9648|9649|	4081	1	好学	物伤加成+10%	7556|50	吕蒙丁奉								50																					100		
|9734|9735|9736|9737|9738|9739|	|9644|9645|9646|9647|9648|9649|	4081	2	精武	攻击+5%	7556|100	吕蒙丁奉							50																								
|9737|9738|9739|	|9647|9648|9649|	4081	3	奇袭	背后攻击使敌方单位定身1.5秒	7556|200	吕蒙丁奉																												24934			
|9732|9733|9734|9735|9736|9737|9738|9739|	|10002|10003|10004|10005|10006|10007|10008|10009|	4082	1	坚忍	生命+5%	7556|50	吕蒙小乔								50																							
|9734|9735|9736|9737|9738|9739|	|10004|10005|10006|10007|10008|10009|	4082	2	谨逸	cd缩减+5%	7556|100	吕蒙小乔		50																													
|9737|9738|9739|	|10007|10008|10009|	4082	3	白衣	cd缩减+15%	7556|200	吕蒙小乔		150																													
|9622|9623|9624|9625|9626|9627|9628|9629|	|9902|9903|9904|9905|9906|9907|9908|9909|	4090	1	坚忍	生命+5%	7556|50	周泰阚泽								50																							
|9624|9625|9626|9627|9628|9629|	|9904|9905|9906|9907|9908|9909|	4090	2	刚烈	物伤反弹+5%	7556|100	周泰阚泽																				50											
|9627|9628|9629|	|9907|9908|9909|	4090	3	百战	cd缩减+10%	7556|200	周泰阚泽		100																													
|9652|9653|9654|9655|9656|9657|9658|9659|	|9852|9853|9854|9855|9856|9857|9858|9859|	4100	1	坚忍	生命+5%	7556|50	潘璋马忠								50																							
|9654|9655|9656|9657|9658|9659|	|9854|9855|9856|9857|9858|9859|	4100	2	暴烈	基础暴击+100%	7556|100	潘璋马忠									1000																						
|9657|9658|9659|	|9857|9858|9859|	4100	3	暴伤	暴击伤害+30%	7556|200	潘璋马忠																								300							
|9662|9663|9664|9665|9666|9667|9668|9669|	|9632|9633|9634|9635|9636|9637|9638|9639|	4110	1	英武	攻击+3%	7556|50	徐盛蒋钦							30																								
|9664|9665|9666|9667|9668|9669|	|9634|9635|9636|9637|9638|9639|	4110	2	暴烈	基础暴击+100%	7556|100	徐盛蒋钦									1000																						
|9667|9668|9669|	|9637|9638|9639|	4110	3	暴伤	暴击伤害+30%	7556|200	徐盛蒋钦																								300							
