id	脚本	开始时间	结束时间	开启	仅显示	活动显示	删除标记	条件	条件2	开服天数	前置id	奖励1	奖励2	奖励3	奖励4	奖励5	奖励6	次数	是否累计次数	刷新	标题	标题显示	内容	失败提示	激活码类型	提示跳转链接	TAB_VERSION	活动链接	官网链接
1				1	1	1															激活码	激活码		激活码错误或已被领取！			20151373	http://www.quegame.com/activity.php 	
2		2012|1|1	2017|11|1	0	0	0															每周特惠	每周特惠		领取条件不满足，请前往充值！					
3	LevelNotLessInServerDay.cfg	2012|1|1	2012|1|1	1	0	1	0	1				6800|0|1						1	0		冲级目标	新手成长礼包	亲爱的玩家，这是一份新手成长礼包，点击领取即可获得。谢谢您的支持。	已领取					
10		2012|1|1	2017|11|1	1	0	0	0	-1				10|6049|0|1	10|7201|0|1	10|7209|0|1	10|7213|0|1	10|7205|0|1		1	0		新手礼包	新手礼包	请输入正确的激活码！	激活码错误或已被领取！	102			http://www.quegame.com/	http://www.quegame.com/
11		2012|1|1	2017|11|1	1	0	0	0	-1				10|7202|0|1	10|7206|0|1	10|7210|0|1	10|7214|0|1	10|7632|0|1		1	0		官方新手礼包	官方新手礼包	请输入正确的激活码！	激活码错误或已被领取！	103			http://www.quegame.com/	http://www.quegame.com/
12		2012|1|1	2017|11|1	1	0	0	0	-1				10|6049|0|1	10|7207|0|1	10|7211|0|1	10|7215|0|1	10|7631|0|1		1	0		媒体礼包	媒体礼包	请输入正确的激活码！	激活码错误或已被领取！	104			http://www.quegame.com/	http://www.quegame.com/
13		2012|1|1	2017|11|1	1	0	0	0	-1				10|6049|0|1	10|7206|0|1	10|7210|0|1	10|7214|0|1			1	0		微信礼包	微信礼包	请输入正确的激活码！	激活码错误或已被领取！	105			http://www.quegame.com/	http://www.quegame.com/
14		2012|1|1	2017|11|1	1	0	0	0	-1				10|6094|0|1						1	0		内部宝箱（2000）	内部宝箱（2000）	请输入正确的激活码！	激活码错误或已被领取！	106			http://www.quegame.com/	http://www.quegame.com/
15		2012|1|1	2017|11|1	1	0	0	0	-1				10|6095|0|1						1	0		内部宝箱（5000）	内部宝箱（5000）	请输入正确的激活码！	激活码错误或已被领取！	107			http://www.quegame.com/	http://www.quegame.com/
16		2012|1|1	2017|11|1	1	0	0	0	-1				10|6096|0|1						1	0		内部宝箱（20000）	内部宝箱（20000）	请输入正确的激活码！	激活码错误或已被领取！	108			http://www.quegame.com/	http://www.quegame.com/
17		2012|1|1	2017|11|1	1	0	0	0	-1				10|7202|0|1	10|7207|0|1	10|7637|0|1				1	0		17173特权礼包（第三区）	17173特权礼包（第三区）	请输入正确的激活码！	激活码错误或已被领取！	109			http://www.quegame.com/	http://www.quegame.com/
18		2012|1|1	2017|11|1	1	0	0	0	-1				10|7202|0|1	10|7211|0|1	10|7607|0|1				1	0		新浪特权礼包（第三区）	新浪特权礼包（第三区）	请输入正确的激活码！	激活码错误或已被领取！	110			http://www.quegame.com/	http://www.quegame.com/
19		2012|1|1	2017|11|1	1	0	0	0	-1				10|7202|0|1	10|7215|0|1	10|7707|0|1				1	0		多玩特权礼包（第三区）	多玩特权礼包（第三区）	请输入正确的激活码！	激活码错误或已被领取！	111			http://www.quegame.com/	http://www.quegame.com/
20		2012|1|1	2017|11|1	1	0	0	0	-1				10|7202|0|1	10|7218|0|1	10|7662|0|1				1	0		40407特权礼包（第三区）	40407特权礼包（第三区）	请输入正确的激活码！	激活码错误或已被领取！	112			http://www.quegame.com/	http://www.quegame.com/
21		2012|1|1	2017|11|1	1	0	0	0	-1				10|6097|0|1	10|7202|0|1	10|7631|0|1				1	0		07170特权礼包（第三区）	07170特权礼包（第三区）	请输入正确的激活码！	激活码错误或已被领取！	113			http://www.quegame.com/	http://www.quegame.com/
22		2012|1|1	2017|11|1	1	0	0	0	-1				10|6097|0|1	10|7206|0|1	10|7210|0|1	10|7214|0|1	10|7631|0|1		1	0		媒体通用礼包（第三区）	媒体通用礼包（第三区）	请输入正确的激活码！	激活码错误或已被领取！	114			http://www.quegame.com/	http://www.quegame.com/
23		2012|1|1	2017|11|1	1	0	0	0	-1				10|6097|0|1	10|7206|0|1	10|7210|0|1	10|7214|0|1			1	0		微信礼包（第三区）	微信礼包（第三区）	请输入正确的激活码！	激活码错误或已被领取！	115			http://www.quegame.com/	http://www.quegame.com/
24		2012|1|1	2017|11|1	1	0	0	0	-1				10|7202|0|1	10|7206|0|1	10|7210|0|1	10|7214|0|1	10|7632|0|1		1	0		官网新手礼包（第三区）	官网新手礼包（第三区）	请输入正确的激活码！	激活码错误或已被领取！	116			http://www.quegame.com/	http://www.quegame.com/
25		2012|1|1	2017|11|1	1	0	0	0	-1				10|7202|0|1	10|7207|0|1	10|7636|0|1	10|3500|0|50			1	0		17173独家礼包	17173独家礼包	请输入正确的激活码！	激活码错误或已被领取！	117			http://www.quegame.com/	http://www.quegame.com/
26		2012|1|1	2017|11|1	1	0	0	0	-1				10|7202|0|1	10|7211|0|1	10|7606|0|1	10|3501|0|50			1	0		新浪独家礼包	新浪独家礼包	请输入正确的激活码！	激活码错误或已被领取！	118			http://www.quegame.com/	http://www.quegame.com/
27		2012|1|1	2017|11|1	1	0	0	0	-1				10|7202|0|1	10|7215|0|1	10|7701|0|1	10|3502|0|50			1	0		多玩独家礼包	多玩独家礼包	请输入正确的激活码！	激活码错误或已被领取！	119			http://www.quegame.com/	http://www.quegame.com/
28		2012|1|1	2017|11|1	1	0	0	0	-1				10|7202|0|1	10|7218|0|1	10|7661|0|1	10|3500|0|50			1	0		40407独家礼包	40407独家礼包	请输入正确的激活码！	激活码错误或已被领取！	120			http://www.quegame.com/	http://www.quegame.com/
29		2012|1|1	2017|11|1	1	0	0	0	-1				10|7202|0|1	10|7206|0|1	10|7210|0|1	10|7214|0|50	10|7632|0|1		1	0		07073独家礼包	07073独家礼包	请输入正确的激活码！	激活码错误或已被领取！	121			http://www.quegame.com/	http://www.quegame.com/
30		2012|1|1	2017|11|1	1	0	0	0	-1				10|6097|0|1	10|7202|0|1	10|3500|0|20				1	0		媒体通用礼包	媒体通用礼包	请输入正确的激活码！	激活码错误或已被领取！	122			http://www.quegame.com/	http://www.quegame.com/
31		2012|1|1	2017|11|1	1	0	0	0	-1				10|6097|0|1	10|7206|0|1	10|7210|0|1	10|7214|0|50	10|3501|0|20		1	0		微信礼包	微信礼包	请输入正确的激活码！	激活码错误或已被领取！	123			http://www.quegame.com/	http://www.quegame.com/
32		2012|1|1	2017|11|1	1	0	0	0	-1				10|6097|0|1	10|7206|0|1	10|7210|0|1	10|7214|0|50	10|3502|0|20		1	0		官网新手礼包	官网新手礼包	请输入正确的激活码！	激活码错误或已被领取！	124			http://www.quegame.com/	http://www.quegame.com/
33		2012|1|1	2017|11|1	1	0	0	0	-1				10|6081|0|1						1	0		贵宾大礼包	贵宾大礼包	请输入正确的激活码！	激活码错误或已被领取！	125			http://www.quegame.com/	http://www.quegame.com/
34		2012|1|1	2017|11|1	1	0	0	0	-1				10|6081|0|10						1	0		贵宾豪华大礼包	贵宾豪华大礼包	请输入正确的激活码！	激活码错误或已被领取！	126			http://www.quegame.com/	http://www.quegame.com/
35		2012|1|1	2016|3|31	1	0	0	0	-1				10|7661|0|1	10|7551|0|1	10|7523|0|2	5|0|0|20000			1	0		页游网独家豪华大礼包	页游网独家豪华大礼包	请输入正确的激活码！	激活码错误或已被领取！	127			http://www.quegame.com/	http://www.quegame.com/
36		2012|1|1	2016|3|31	1	0	0	0	-1				10|7661|0|1	10|7551|0|1	10|7523|0|3	5|0|0|20000	10|10013|0|1		1	0		将星诀17173独家礼包	将星诀17173独家礼包	请输入正确的激活码！	激活码错误或已被领取！	128			http://www.quegame.com/	http://www.quegame.com/
37		2012|1|1	2016|3|31	1	0	0	0	-1				10|7552|0|1						1	0		页游网独家豪华大礼包2	页游网独家豪华大礼包2	请输入正确的激活码！	激活码错误或已被领取！	129			http://www.quegame.com/	http://www.quegame.com/
1100		2012|1|1	2012|11|1	1	0	0	0	-1				5|0|0|5000	10|6072|0|1	10|7551|0|1	10|7521|0|1	10|6782|0|1		1	0		黄钻新手礼包	黄钻新手礼包		服务器繁忙，请稍候再领取！
1101		2012|1|1	2012|11|1	1	0	0	0	-1				5|0|0|5000						1	0		黄钻1级每日礼包	黄钻1级每日礼包		服务器繁忙，请稍候再领取！
1102		2012|1|1	2012|11|1	1	0	0	0	-1				5|0|0|5500						1	0		黄钻2级每日礼包	黄钻2级每日礼包		服务器繁忙，请稍候再领取！
1103		2012|1|1	2012|11|1	1	0	0	0	-1				5|0|0|6000						1	0		黄钻3级每日礼包	黄钻3级每日礼包		服务器繁忙，请稍候再领取！
1104		2012|1|1	2012|11|1	1	0	0	0	-1				5|0|0|6500						1	0		黄钻4级每日礼包	黄钻4级每日礼包		服务器繁忙，请稍候再领取！
1105		2012|1|1	2012|11|1	1	0	0	0	-1				5|0|0|7000						1	0		黄钻5级每日礼包	黄钻5级每日礼包		服务器繁忙，请稍候再领取！
1106		2012|1|1	2012|11|1	1	0	0	0	-1				5|0|0|7500						1	0		黄钻6级每日礼包	黄钻6级每日礼包		服务器繁忙，请稍候再领取！
1107		2012|1|1	2012|11|1	1	0	0	0	-1				5|0|0|8000						1	0		黄钻7级每日礼包	黄钻7级每日礼包		服务器繁忙，请稍候再领取！
1108		2012|1|1	2012|11|1	1	0	0	0	-1				5|0|0|8500						1	0		黄钻8级每日礼包	黄钻8级每日礼包		服务器繁忙，请稍候再领取！
1109		2012|1|1	2012|11|1	1	0	0	0	-1				5|0|0|5000	10|7322|0|1	10|7318|0|1	10|7314|0|1	10|7310|0|1		1	0		年费黄钻每日礼包	年费黄钻每日礼包		服务器繁忙，请稍候再领取！
1110		2012|1|1	2012|11|1	1	0	0	0	-1				5|0|0|2000						1	0		普通升级礼包	普通升级礼包		服务器繁忙，请稍候再领取！
1111		2012|1|1	2012|11|1	1	0	0	0	-1				5|0|0|5000	10|6072|0|1					1	0		黄钻升级礼包	黄钻升级礼包		服务器繁忙，请稍候再领取！
2000	Recharge.cfg	2012|1|1	2017|11|1	1	0	2	0	100		1		10|7554|0|1	5|0|0|5000	10|6069|0|5				1	0		今日充值	今日充值	今日累计充值|元宝，可领取	服务器繁忙，请稍候再领取！
2001	Recharge.cfg	2012|1|1	2017|11|1	1	0	2	0	500		1		10|6098|0|1	10|7637|0|1	10|7554|0|4	5|0|0|10000			1	0		今日充值	今日充值	今日累计充值|元宝，可领取	服务器繁忙，请稍候再领取！
2002	Recharge.cfg	2012|1|1	2017|11|1	1	0	2	0	1000		1		10|6773|0|1	10|7671|0|1	5|0|0|10000	10|7551|0|1			1	0		今日充值	今日充值	今日累计充值|元宝，可领取	服务器繁忙，请稍候再领取！
2003	Recharge.cfg	2012|1|1	2017|11|1	1	0	2	0	5000		1		10|6774|0|1	10|7672|0|1	5|0|0|10000	10|7550|0|3			1	0		今日充值	今日充值	今日累计充值|元宝，可领取	服务器繁忙，请稍候再领取！
2004	Recharge.cfg	2012|1|1	2017|11|1	1	0	2	0	100		2		10|7637|0|1	10|7554|0|1	5|0|0|12000				1	0		今日充值	今日充值	今日累计充值|元宝，可领取	服务器繁忙，请稍候再领取！
2005	Recharge.cfg	2012|1|1	2017|11|1	1	0	2	0	500		2		10|6098|0|1	10|7637|0|1	10|7554|0|4	5|0|0|12000			1	0		今日充值	今日充值	今日累计充值|元宝，可领取	服务器繁忙，请稍候再领取！
2006	Recharge.cfg	2012|1|1	2017|11|1	1	0	2	0	1000		2		10|6773|0|1	10|7671|0|1	5|0|0|12000	10|7550|0|2			1	0		今日充值	今日充值	今日累计充值|元宝，可领取	服务器繁忙，请稍候再领取！
2007	Recharge.cfg	2012|1|1	2017|11|1	1	0	2	0	5000		2		10|6774|0|1	10|7671|0|4	5|0|0|24000	10|7550|0|3			1	0		今日充值	今日充值	今日累计充值|元宝，可领取	服务器繁忙，请稍候再领取！
2008	Recharge.cfg	2012|1|1	2017|11|1	1	0	2	0	100		3		10|7737|0|1	10|7640|0|1	10|7554|0|1	5|0|0|16000			1	0		今日充值	今日充值	今日累计充值|元宝，可领取	服务器繁忙，请稍候再领取！
2009	Recharge.cfg	2012|1|1	2017|11|1	1	0	2	0	500		3		10|6102|0|1	10|7640|0|3	5|0|0|16000				1	0		今日充值	今日充值	今日累计充值|元宝，可领取	服务器繁忙，请稍候再领取！
2010	Recharge.cfg	2012|1|1	2017|11|1	1	0	2	0	1000		3		10|7642|0|1	10|7522|0|1	5|0|0|16000	10|7551|0|1			1	0		今日充值	今日充值	今日累计充值|元宝，可领取	服务器繁忙，请稍候再领取！
2011	Recharge.cfg	2012|1|1	2017|11|1	1	0	2	0	5000		3		10|7644|0|1	10|6137|0|2	5|0|0|32000	10|7552|0|1			1	0		今日充值	今日充值	今日累计充值|元宝，可领取	服务器繁忙，请稍候再领取！
2012	Recharge.cfg	2012|1|1	2017|11|1	1	0	2	0	100		4		10|7737|0|2	10|7640|0|2	10|7554|0|1	5|0|0|18000			1	0		今日充值	今日充值	今日累计充值|元宝，可领取	服务器繁忙，请稍候再领取！
2013	Recharge.cfg	2012|1|1	2017|11|1	1	0	2	0	500		4		10|6098|0|3	10|7642|0|1	5|0|0|18000				1	0		今日充值	今日充值	今日累计充值|元宝，可领取	服务器繁忙，请稍候再领取！
2014	Recharge.cfg	2012|1|1	2017|11|1	1	0	2	0	1000		4		10|7642|0|2	10|7522|0|1	5|0|0|18000	10|7550|0|3			1	0		今日充值	今日充值	今日累计充值|元宝，可领取	服务器繁忙，请稍候再领取！
2015	Recharge.cfg	2012|1|1	2017|11|1	1	0	2	0	5000		4		10|7642|0|4	10|6137|0|2	5|0|0|36000	10|7552|0|1			1	0		今日充值	今日充值	今日累计充值|元宝，可领取	服务器繁忙，请稍候再领取！
2016	Recharge.cfg	2012|1|1	2017|11|1	1	0	2	0	400		1|4		10|2044|0|1						1	0		多日充值	累积充值	开服前四天，累积充值达到|元宝，可领取	服务器繁忙，请稍候再领取！
2017	Recharge.cfg	2012|1|1	2017|11|1	1	0	2	0	1000		1|4		10|6049|0|3						1	0		多日充值	累积充值	开服前四天，累积充值达到|元宝，可领取	服务器繁忙，请稍候再领取！
2018	Recharge.cfg	2012|1|1	2017|11|1	1	0	2	0	2000		1|4		10|7552|0|10						1	0		多日充值	累积充值	开服前四天，累积充值达到|元宝，可领取	服务器繁忙，请稍候再领取！
2019	Recharge.cfg	2012|1|1	2017|11|1	1	0	2	0	3000		1|4		10|2131|0|1						1	0		多日充值	累积充值	开服前四天，累积充值达到|元宝，可领取	服务器繁忙，请稍候再领取！
2020	Recharge.cfg	2012|1|1	2017|11|1	1	0	2	0	4000		1|4		10|2132|0|1	10|2134|0|1					1	0		多日充值	累积充值	开服前四天，累积充值达到|元宝，可领取	服务器繁忙，请稍候再领取！
2021	Recharge.cfg	2012|1|1	2017|11|1	1	0	2	0	10000		1|4		10|10054|0|1	10|2135|0|1					1	0		多日充值	累积充值	开服前四天，累积充值达到|元宝，可领取	服务器繁忙，请稍候再领取！
2022	Recharge.cfg	2012|1|1	2017|11|1	1	0	2	0	20000		1|4		10|10014|0|1	10|2133|0|1					1	0		多日充值	累积充值	开服前四天，累积充值达到|元宝，可领取	服务器繁忙，请稍候再领取！
2023	Recharge.cfg	2012|1|1	2017|11|1	1	0	2	0	100		5		10|7554|0|1	5|0|0|5000	10|7653|0|1				1	0		今日充值	今日充值	今日累计充值|元宝，可领取	服务器繁忙，请稍候再领取！
2024	Recharge.cfg	2012|1|1	2017|11|1	1	0	2	0	500		5		10|6071|0|1	10|7697|0|1	10|7554|0|4	5|0|0|10000			1	0		今日充值	今日充值	今日累计充值|元宝，可领取	服务器繁忙，请稍候再领取！
2025	Recharge.cfg	2012|1|1	2017|11|1	1	0	2	0	1000		5		10|6773|0|1	10|7698|0|2	5|0|0|50000				1	0		今日充值	今日充值	今日累计充值|元宝，可领取	服务器繁忙，请稍候再领取！
2026	Recharge.cfg	2012|1|1	2017|11|1	1	0	2	0	5000		5		10|6774|0|1	10|7693|0|2	10|7698|0|2	5|0|0|100000			1	0		今日充值	今日充值	今日累计充值|元宝，可领取	服务器繁忙，请稍候再领取！
2027	Recharge.cfg	2012|1|1	2017|11|1	1	0	2	0	100		6		10|7653|0|1	10|7554|0|1	5|0|0|12000	10|7522|0|1			1	0		今日充值	今日充值	今日累计充值|元宝，可领取	服务器繁忙，请稍候再领取！
2028	Recharge.cfg	2012|1|1	2017|11|1	1	0	2	0	500		6		10|6071|0|1	10|7698|0|1	10|7554|0|4	5|0|0|12000	10|4200|0|3	10|7522|0|3	1	0		今日充值	今日充值	今日累计充值|元宝，可领取	服务器繁忙，请稍候再领取！
2029	Recharge.cfg	2012|1|1	2017|11|1	1	0	2	0	1000		6		10|6773|0|1	10|7698|0|2	5|0|0|50000	10|4201|0|6	10|7522|0|5		1	0		今日充值	今日充值	今日累计充值|元宝，可领取	服务器繁忙，请稍候再领取！
2030	Recharge.cfg	2012|1|1	2017|11|1	1	0	2	0	5000		6		10|6774|0|1	10|7693|0|2	10|7698|0|2	5|0|0|100000	10|4202|0|10		1	0		今日充值	今日充值	今日累计充值|元宝，可领取	服务器繁忙，请稍候再领取！
2031	Recharge.cfg	2012|1|1	2017|11|1	1	0	2	0	100		7		10|7653|0|1	10|7554|0|1	5|0|0|16000	10|7522|0|1			1	0		今日充值	今日充值	今日累计充值|元宝，可领取	服务器繁忙，请稍候再领取！
2032	Recharge.cfg	2012|1|1	2017|11|1	1	0	2	0	500		7		10|6071|0|1	10|7697|0|1	5|0|0|16000	10|4200|0|3	10|7522|0|3		1	0		今日充值	今日充值	今日累计充值|元宝，可领取	服务器繁忙，请稍候再领取！
2033	Recharge.cfg	2012|1|1	2017|11|1	1	0	2	0	1000		7		10|7698|0|2	10|7522|0|5	5|0|0|100000	10|4201|0|6			1	0		今日充值	今日充值	今日累计充值|元宝，可领取	服务器繁忙，请稍候再领取！
2034	Recharge.cfg	2012|1|1	2017|11|1	1	0	2	0	5000		7		10|7694|0|2	10|7728|0|2	10|6137|0|2	5|0|0|150000	10|4202|0|10		1	0		今日充值	今日充值	今日累计充值|元宝，可领取	服务器繁忙，请稍候再领取！
2035	Recharge.cfg	2012|1|1	2017|11|1	1	0	2	0	100		8		10|7653|0|1	10|7554|0|1	5|0|0|18000	10|7522|0|1			1	0		今日充值	今日充值	今日累计充值|元宝，可领取	服务器繁忙，请稍候再领取！
2036	Recharge.cfg	2012|1|1	2017|11|1	1	0	2	0	500		8		10|6102|0|3	10|7728|0|1	5|0|0|50000	10|4200|0|3	10|7522|0|3		1	0		今日充值	今日充值	今日累计充值|元宝，可领取	服务器繁忙，请稍候再领取！
2037	Recharge.cfg	2012|1|1	2017|11|1	1	0	2	0	1000		8		10|7693|0|2	10|7522|0|5	5|0|0|100000	10|4201|0|6			1	0		今日充值	今日充值	今日累计充值|元宝，可领取	服务器繁忙，请稍候再领取！
2038	Recharge.cfg	2012|1|1	2017|11|1	1	0	2	0	5000		8		10|7694|0|2	10|7728|0|2	10|6137|0|2	5|0|0|200000	10|4202|0|10		1	0		今日充值	今日充值	今日累计充值|元宝，可领取	服务器繁忙，请稍候再领取！
2039	Recharge.cfg	2012|1|1	2017|11|1	1	0	2	0	100		8|11		8|0|0|100						1	0		多日充值	累积充值	累积充值达到|元宝，可领取	服务器繁忙，请稍候再领取！
2040	Recharge.cfg	2012|1|1	2017|11|1	1	0	2	0	500		8|11		8|0|0|300						1	0		多日充值	累积充值	累积充值达到|元宝，可领取	服务器繁忙，请稍候再领取！
2041	Recharge.cfg	2012|1|1	2017|11|1	1	0	2	0	1000		8|11		8|0|0|500						1	0		多日充值	累积充值	累积充值达到|元宝，可领取	服务器繁忙，请稍候再领取！
2042	Recharge.cfg	2012|1|1	2017|11|1	1	0	2	0	2000		8|11		8|0|0|800						1	0		多日充值	累积充值	累积充值达到|元宝，可领取	服务器繁忙，请稍候再领取！
2043	Recharge.cfg	2012|1|1	2017|11|1	1	0	2	0	3000		8|11		8|0|0|900						1	0		多日充值	累积充值	累积充值达到|元宝，可领取	服务器繁忙，请稍候再领取！
2044	Recharge.cfg	2012|1|1	2017|11|1	1	0	2	0	4000		8|11		8|0|0|1000						1	0		多日充值	累积充值	累积充值达到|元宝，可领取	服务器繁忙，请稍候再领取！
2045	Recharge.cfg	2012|1|1	2017|11|1	1	0	2	0	10000		8|11		8|0|0|2000						1	0		多日充值	累积充值	累积充值达到|元宝，可领取	服务器繁忙，请稍候再领取！
2046	Recharge.cfg	2012|1|1	2017|11|1	1	0	2	0	20000		8|11		8|0|0|4000						1	0		多日充值	累积充值	累积充值达到|元宝，可领取	服务器繁忙，请稍候再领取！
2047	Recharge.cfg	2012|1|1	2017|11|1	1	0	2	0	100		9		10|7554|0|2	5|0|0|40000	10|6109|0|4	10|7552|0|2			1	0		今日充值	今日充值	今日累计充值|元宝，可领取	服务器繁忙，请稍候再领取！
2048	Recharge.cfg	2012|1|1	2017|11|1	1	0	2	0	300		9		10|7554|0|4	5|0|0|60000	10|7523|0|5				1	0		今日充值	今日充值	今日累计充值|元宝，可领取	服务器繁忙，请稍候再领取！
2049	Recharge.cfg	2012|1|1	2017|11|1	1	0	2	0	1000		9		5|0|0|100000	10|6109|0|6	10|7553|0|1				1	0		今日充值	今日充值	今日累计充值|元宝，可领取	服务器繁忙，请稍候再领取！
2050	Recharge.cfg	2012|1|1	2017|11|1	1	0	2	0	2000		9		5|0|0|350000	10|7520|0|1	10|6109|0|10				1	0		今日充值	今日充值	今日累计充值|元宝，可领取	服务器繁忙，请稍候再领取！
2051	Recharge.cfg	2012|1|1	2017|11|1	1	0	2	0	5000		9		5|0|0|600000	10|7520|0|2	10|7522|0|2	10|6137|0|1	10|6109|0|20		1	0		今日充值	今日充值	今日累计充值|元宝，可领取	服务器繁忙，请稍候再领取！
2052	Recharge.cfg	2012|1|1	2017|11|1	1	0	2	0	100		10		10|7554|0|2	5|0|0|40000	10|6109|0|4	10|7552|0|2			1	0		今日充值	今日充值	今日累计充值|元宝，可领取	服务器繁忙，请稍候再领取！
2053	Recharge.cfg	2012|1|1	2017|11|1	1	0	2	0	300		10		10|7554|0|4	5|0|0|60000	10|7523|0|5				1	0		今日充值	今日充值	今日累计充值|元宝，可领取	服务器繁忙，请稍候再领取！
2054	Recharge.cfg	2012|1|1	2017|11|1	1	0	2	0	1000		10		5|0|0|100000	10|6109|0|6	10|7553|0|1				1	0		今日充值	今日充值	今日累计充值|元宝，可领取	服务器繁忙，请稍候再领取！
2055	Recharge.cfg	2012|1|1	2017|11|1	1	0	2	0	2000		10		5|0|0|350000	10|7520|0|1	10|6109|0|10				1	0		今日充值	今日充值	今日累计充值|元宝，可领取	服务器繁忙，请稍候再领取！
2056	Recharge.cfg	2012|1|1	2017|11|1	1	0	2	0	5000		10		5|0|0|600000	10|7520|0|2	10|7522|0|2	10|6137|0|1	10|6109|0|20		1	0		今日充值	今日充值	今日累计充值|元宝，可领取	服务器繁忙，请稍候再领取！
2057	Recharge.cfg	2012|1|1	2017|11|1	1	0	2	0	100		11		10|7554|0|2	5|0|0|40000	10|6109|0|4	10|7552|0|2			1	0		今日充值	今日充值	今日累计充值|元宝，可领取	服务器繁忙，请稍候再领取！
2058	Recharge.cfg	2012|1|1	2017|11|1	1	0	2	0	300		11		10|7554|0|4	5|0|0|60000	10|7523|0|5				1	0		今日充值	今日充值	今日累计充值|元宝，可领取	服务器繁忙，请稍候再领取！
2059	Recharge.cfg	2012|1|1	2017|11|1	1	0	2	0	1000		11		5|0|0|100000	10|6109|0|6	10|7553|0|1				1	0		今日充值	今日充值	今日累计充值|元宝，可领取	服务器繁忙，请稍候再领取！
2060	Recharge.cfg	2012|1|1	2017|11|1	1	0	2	0	2000		11		5|0|0|350000	10|7520|0|1	10|6109|0|10				1	0		今日充值	今日充值	今日累计充值|元宝，可领取	服务器繁忙，请稍候再领取！
2061	Recharge.cfg	2012|1|1	2017|11|1	1	0	2	0	5000		11		5|0|0|600000	10|7520|0|2	10|7522|0|2	10|6137|0|1	10|6109|0|20		1	0		今日充值	今日充值	今日累计充值|元宝，可领取	服务器繁忙，请稍候再领取！
2062	Recharge.cfg	2012|1|1	2017|11|1	1	0	2	0	100		12		10|7554|0|2	5|0|0|40000	10|6109|0|6				1	0		今日充值	今日充值	今日累计充值|元宝，可领取	服务器繁忙，请稍候再领取！
2063	Recharge.cfg	2012|1|1	2017|11|1	1	0	2	0	300		12		10|7554|0|4	5|0|0|60000	10|7523|0|5				1	0		今日充值	今日充值	今日累计充值|元宝，可领取	服务器繁忙，请稍候再领取！
2064	Recharge.cfg	2012|1|1	2017|11|1	1	0	2	0	1000		12		5|0|0|100000	10|6109|0|6	10|7553|0|1	10|4200|0|15			1	0		今日充值	今日充值	今日累计充值|元宝，可领取	服务器繁忙，请稍候再领取！
2065	Recharge.cfg	2012|1|1	2017|11|1	1	0	2	0	2000		12		5|0|0|350000	10|7520|0|2	10|6109|0|10	10|4201|0|15			1	0		今日充值	今日充值	今日累计充值|元宝，可领取	服务器繁忙，请稍候再领取！
2066	Recharge.cfg	2012|1|1	2017|11|1	1	0	2	0	5000		12		5|0|0|600000	10|6137|0|2	10|6109|0|20	10|4202|0|10	10|4203|0|10	10|7553|0|2	1	0		今日充值	今日充值	今日累计充值|元宝，可领取	服务器繁忙，请稍候再领取！
2067	Recharge.cfg	2012|1|1	2017|11|1	1	0	2	0	100		13		10|7554|0|2	5|0|0|40000	10|6109|0|6				1	0		今日充值	今日充值	今日累计充值|元宝，可领取	服务器繁忙，请稍候再领取！
2068	Recharge.cfg	2012|1|1	2017|11|1	1	0	2	0	300		13		10|7554|0|4	5|0|0|60000	10|7523|0|5				1	0		今日充值	今日充值	今日累计充值|元宝，可领取	服务器繁忙，请稍候再领取！
2069	Recharge.cfg	2012|1|1	2017|11|1	1	0	2	0	1000		13		5|0|0|100000	10|6109|0|6	10|7553|0|1	10|4200|0|15			1	0		今日充值	今日充值	今日累计充值|元宝，可领取	服务器繁忙，请稍候再领取！
2070	Recharge.cfg	2012|1|1	2017|11|1	1	0	2	0	2000		13		5|0|0|350000	10|7520|0|2	10|6109|0|10	10|4201|0|15			1	0		今日充值	今日充值	今日累计充值|元宝，可领取	服务器繁忙，请稍候再领取！
2071	Recharge.cfg	2012|1|1	2017|11|1	1	0	2	0	5000		13		5|0|0|600000	10|6137|0|2	10|6109|0|20	10|4202|0|10	10|4203|0|10	10|7553|0|2	1	0		今日充值	今日充值	今日累计充值|元宝，可领取	服务器繁忙，请稍候再领取！
2072	Recharge.cfg	2012|1|1	2017|11|1	1	0	2	0	100		14		10|7554|0|2	5|0|0|40000	10|6109|0|6				1	0		今日充值	今日充值	今日累计充值|元宝，可领取	服务器繁忙，请稍候再领取！
2073	Recharge.cfg	2012|1|1	2017|11|1	1	0	2	0	300		14		10|7554|0|4	5|0|0|60000	10|7523|0|5				1	0		今日充值	今日充值	今日累计充值|元宝，可领取	服务器繁忙，请稍候再领取！
2074	Recharge.cfg	2012|1|1	2017|11|1	1	0	2	0	1000		14		5|0|0|100000	10|6109|0|6	10|7553|0|1	10|4200|0|15			1	0		今日充值	今日充值	今日累计充值|元宝，可领取	服务器繁忙，请稍候再领取！
2075	Recharge.cfg	2012|1|1	2017|11|1	1	0	2	0	2000		14		5|0|0|350000	10|7520|0|2	10|6109|0|10	10|4201|0|15			1	0		今日充值	今日充值	今日累计充值|元宝，可领取	服务器繁忙，请稍候再领取！
2076	Recharge.cfg	2012|1|1	2017|11|1	1	0	2	0	5000		14		5|0|0|600000	10|6137|0|2	10|6109|0|20	10|4202|0|10	10|4203|0|10	10|7553|0|2	1	0		今日充值	今日充值	今日累计充值|元宝，可领取	服务器繁忙，请稍候再领取！
2077	Recharge.cfg	2012|1|1	2017|11|1	1	0	2	0	100		15		10|7554|0|2	5|0|0|40000	10|6109|0|6				1	0		今日充值	今日充值	今日累计充值|元宝，可领取	服务器繁忙，请稍候再领取！
2078	Recharge.cfg	2012|1|1	2017|11|1	1	0	2	0	300		15		10|7554|0|4	5|0|0|60000	10|7523|0|5				1	0		今日充值	今日充值	今日累计充值|元宝，可领取	服务器繁忙，请稍候再领取！
2079	Recharge.cfg	2012|1|1	2017|11|1	1	0	2	0	1000		15		5|0|0|100000	10|6109|0|6	10|7553|0|1	10|4200|0|15			1	0		今日充值	今日充值	今日累计充值|元宝，可领取	服务器繁忙，请稍候再领取！
2080	Recharge.cfg	2012|1|1	2017|11|1	1	0	2	0	2000		15		5|0|0|350000	10|7520|0|2	10|6109|0|10	10|4201|0|15			1	0		今日充值	今日充值	今日累计充值|元宝，可领取	服务器繁忙，请稍候再领取！
2081	Recharge.cfg	2012|1|1	2017|11|1	1	0	2	0	5000		15		5|0|0|600000	10|6137|0|2	10|6109|0|20	10|4202|0|10	10|4203|0|10	10|7553|0|2	1	0		今日充值	今日充值	今日累计充值|元宝，可领取	服务器繁忙，请稍候再领取！
2082	Recharge.cfg	2012|1|1	2017|11|1	1	0	2	0	100		16		10|7554|0|2	5|0|0|20000	10|6109|0|4				1	0		今日充值	今日充值	今日累计充值|元宝，可领取	服务器繁忙，请稍候再领取！
2083	Recharge.cfg	2012|1|1	2017|11|1	1	0	2	0	300		16		10|7554|0|4	5|0|0|60000	10|7523|0|5				1	0		今日充值	今日充值	今日累计充值|元宝，可领取	服务器繁忙，请稍候再领取！
2084	Recharge.cfg	2012|1|1	2017|11|1	1	0	2	0	1000		16		5|0|0|100000	10|6109|0|6	10|4200|0|15	10|3512|0|1			1	0		今日充值	今日充值	今日累计充值|元宝，可领取	服务器繁忙，请稍候再领取！
2085	Recharge.cfg	2012|1|1	2017|11|1	1	0	2	0	2000		16		5|0|0|350000	10|6137|0|1	10|6109|0|10	10|4201|0|15	10|7553|0|1	10|3513|0|2	1	0		今日充值	今日充值	今日累计充值|元宝，可领取	服务器繁忙，请稍候再领取！
2086	Recharge.cfg	2012|1|1	2017|11|1	1	0	2	0	5000		16		5|0|0|600000	10|6109|0|20	10|4203|0|10	10|7553|0|2	10|3515|0|1	10|4202|0|10	1	0		今日充值	今日充值	今日累计充值|元宝，可领取	服务器繁忙，请稍候再领取！
2087	Recharge.cfg	2012|1|1	2017|11|1	1	0	2	0	100		17		10|7554|0|2	5|0|0|20000	10|6109|0|4				1	0		今日充值	今日充值	今日累计充值|元宝，可领取	服务器繁忙，请稍候再领取！
2088	Recharge.cfg	2012|1|1	2017|11|1	1	0	2	0	300		17		10|7554|0|4	5|0|0|60000	10|7523|0|5				1	0		今日充值	今日充值	今日累计充值|元宝，可领取	服务器繁忙，请稍候再领取！
2089	Recharge.cfg	2012|1|1	2017|11|1	1	0	2	0	1000		17		5|0|0|100000	10|6109|0|6	10|4200|0|15	10|3513|0|1			1	0		今日充值	今日充值	今日累计充值|元宝，可领取	服务器繁忙，请稍候再领取！
2090	Recharge.cfg	2012|1|1	2017|11|1	1	0	2	0	2000		17		5|0|0|350000	10|6137|0|1	10|6109|0|10	10|4201|0|15	10|7553|0|1	10|3514|0|2	1	0		今日充值	今日充值	今日累计充值|元宝，可领取	服务器繁忙，请稍候再领取！
2091	Recharge.cfg	2012|1|1	2017|11|1	1	0	2	0	5000		17		5|0|0|600000	10|6109|0|20	10|4203|0|10	10|7553|0|2	10|3516|0|1	10|4202|0|10	1	0		今日充值	今日充值	今日累计充值|元宝，可领取	服务器繁忙，请稍候再领取！
2092	Recharge.cfg	2012|1|1	2017|11|1	1	0	2	0	100		18		10|7554|0|2	5|0|0|20000	10|6109|0|4				1	0		今日充值	今日充值	今日累计充值|元宝，可领取	服务器繁忙，请稍候再领取！
2093	Recharge.cfg	2012|1|1	2017|11|1	1	0	2	0	300		18		10|7554|0|4	5|0|0|60000	10|7523|0|5				1	0		今日充值	今日充值	今日累计充值|元宝，可领取	服务器繁忙，请稍候再领取！
2094	Recharge.cfg	2012|1|1	2017|11|1	1	0	2	0	1000		18		5|0|0|100000	10|6109|0|6	10|4200|0|15	10|3514|0|1			1	0		今日充值	今日充值	今日累计充值|元宝，可领取	服务器繁忙，请稍候再领取！
2095	Recharge.cfg	2012|1|1	2017|11|1	1	0	2	0	2000		18		5|0|0|350000	10|6137|0|1	10|6109|0|10	10|4201|0|15	10|7553|0|1	10|3512|0|2	1	0		今日充值	今日充值	今日累计充值|元宝，可领取	服务器繁忙，请稍候再领取！
2096	Recharge.cfg	2012|1|1	2017|11|1	1	0	2	0	5000		18		5|0|0|600000	10|6109|0|20	10|4203|0|10	10|7553|0|2	10|3517|0|1	10|4202|0|10	1	0		今日充值	今日充值	今日累计充值|元宝，可领取	服务器繁忙，请稍候再领取！
2097	Recharge.cfg	2012|1|1	2017|11|1	1	0	2	0	100		19		10|7554|0|2	5|0|0|20000	10|6109|0|4				1	0		今日充值	今日充值	今日累计充值|元宝，可领取	服务器繁忙，请稍候再领取！
2098	Recharge.cfg	2012|1|1	2017|11|1	1	0	2	0	300		19		10|7554|0|4	5|0|0|60000	10|7523|0|5				1	0		今日充值	今日充值	今日累计充值|元宝，可领取	服务器繁忙，请稍候再领取！
2099	Recharge.cfg	2012|1|1	2017|11|1	1	0	2	0	1000		19		5|0|0|100000	10|6109|0|6	10|4200|0|15	10|3512|0|1			1	0		今日充值	今日充值	今日累计充值|元宝，可领取	服务器繁忙，请稍候再领取！
2100	Recharge.cfg	2012|1|1	2017|11|1	1	0	2	0	2000		19		5|0|0|350000	10|6137|0|1	10|6109|0|10	10|4201|0|15	10|7553|0|1	10|3513|0|2	1	0		今日充值	今日充值	今日累计充值|元宝，可领取	服务器繁忙，请稍候再领取！
2101	Recharge.cfg	2012|1|1	2017|11|1	1	0	2	0	5000		19		5|0|0|600000	10|6109|0|20	10|4203|0|10	10|7553|0|2	10|3515|0|1	10|4202|0|10	1	0		今日充值	今日充值	今日累计充值|元宝，可领取	服务器繁忙，请稍候再领取！
2102	Recharge.cfg	2012|1|1	2017|11|1	1	0	2	0	100		20		10|7554|0|2	5|0|0|20000	10|6109|0|4				1	0		今日充值	今日充值	今日累计充值|元宝，可领取	服务器繁忙，请稍候再领取！
2103	Recharge.cfg	2012|1|1	2017|11|1	1	0	2	0	300		20		10|7554|0|4	5|0|0|60000	10|7523|0|5				1	0		今日充值	今日充值	今日累计充值|元宝，可领取	服务器繁忙，请稍候再领取！
2104	Recharge.cfg	2012|1|1	2017|11|1	1	0	2	0	1000		20		5|0|0|100000	10|6109|0|6	10|4200|0|15	10|3513|0|1			1	0		今日充值	今日充值	今日累计充值|元宝，可领取	服务器繁忙，请稍候再领取！
2105	Recharge.cfg	2012|1|1	2017|11|1	1	0	2	0	2000		20		5|0|0|350000	10|6137|0|1	10|6109|0|10	10|4201|0|15	10|7553|0|1	10|3514|0|2	1	0		今日充值	今日充值	今日累计充值|元宝，可领取	服务器繁忙，请稍候再领取！
2106	Recharge.cfg	2012|1|1	2017|11|1	1	0	2	0	5000		20		5|0|0|600000	10|6109|0|20	10|4203|0|10	10|7553|0|2	10|3516|0|1	10|4202|0|10	1	0		今日充值	今日充值	今日累计充值|元宝，可领取	服务器繁忙，请稍候再领取！
2146	Recharge.cfg	2012|1|1	2017|11|1	1	0	2	0	100		21		10|7554|0|2	5|0|0|20000	10|6109|0|4				1	0		今日充值	今日充值	今日累计充值|元宝，可领取	服务器繁忙，请稍候再领取！
2147	Recharge.cfg	2012|1|1	2017|11|1	1	0	2	0	300		21		10|7554|0|4	5|0|0|60000	10|7523|0|5				1	0		今日充值	今日充值	今日累计充值|元宝，可领取	服务器繁忙，请稍候再领取！
2148	Recharge.cfg	2012|1|1	2017|11|1	1	0	2	0	1000		21		5|0|0|100000	10|6109|0|6	10|4200|0|15	10|3513|0|1			1	0		今日充值	今日充值	今日累计充值|元宝，可领取	服务器繁忙，请稍候再领取！
2149	Recharge.cfg	2012|1|1	2017|11|1	1	0	2	0	2000		21		5|0|0|350000	10|6137|0|1	10|6109|0|10	10|4201|0|15	10|7553|0|1	10|3514|0|2	1	0		今日充值	今日充值	今日累计充值|元宝，可领取	服务器繁忙，请稍候再领取！
2150	Recharge.cfg	2012|1|1	2017|11|1	1	0	2	0	5000		21		5|0|0|600000	10|6109|0|20	10|4203|0|10	10|7553|0|2	10|3516|0|1	10|4202|0|10	1	0		今日充值	今日充值	今日累计充值|元宝，可领取	服务器繁忙，请稍候再领取！
2151	Recharge.cfg	2012|1|1	2017|11|1	1	0	2	0	100		22		10|7554|0|2	5|0|0|20000	10|6109|0|4				1	0		今日充值	今日充值	今日累计充值|元宝，可领取	服务器繁忙，请稍候再领取！
2152	Recharge.cfg	2012|1|1	2017|11|1	1	0	2	0	300		22		10|7554|0|4	5|0|0|60000	10|7523|0|5				1	0		今日充值	今日充值	今日累计充值|元宝，可领取	服务器繁忙，请稍候再领取！
2153	Recharge.cfg	2012|1|1	2017|11|1	1	0	2	0	1000		22		5|0|0|100000	10|6109|0|6	10|4200|0|15	10|3513|0|1			1	0		今日充值	今日充值	今日累计充值|元宝，可领取	服务器繁忙，请稍候再领取！
2154	Recharge.cfg	2012|1|1	2017|11|1	1	0	2	0	2000		22		5|0|0|350000	10|6137|0|1	10|6109|0|10	10|4201|0|15	10|7553|0|1	10|3514|0|2	1	0		今日充值	今日充值	今日累计充值|元宝，可领取	服务器繁忙，请稍候再领取！
2155	Recharge.cfg	2012|1|1	2017|11|1	1	0	2	0	5000		22		5|0|0|600000	10|6109|0|20	10|4203|0|10	10|7553|0|2	10|3516|0|1	10|4202|0|10	1	0		今日充值	今日充值	今日累计充值|元宝，可领取	服务器繁忙，请稍候再领取！
2156	Recharge.cfg	2012|1|1	2017|11|1	1	0	2	0	100		23		10|7554|0|2	5|0|0|20000	10|6109|0|4				1	0		今日充值	今日充值	今日累计充值|元宝，可领取	服务器繁忙，请稍候再领取！
2157	Recharge.cfg	2012|1|1	2017|11|1	1	0	2	0	300		23		10|7554|0|4	5|0|0|60000	10|7523|0|5				1	0		今日充值	今日充值	今日累计充值|元宝，可领取	服务器繁忙，请稍候再领取！
2158	Recharge.cfg	2012|1|1	2017|11|1	1	0	2	0	1000		23		5|0|0|100000	10|6109|0|6	10|4200|0|15	10|3513|0|1			1	0		今日充值	今日充值	今日累计充值|元宝，可领取	服务器繁忙，请稍候再领取！
2159	Recharge.cfg	2012|1|1	2017|11|1	1	0	2	0	2000		23		5|0|0|350000	10|6137|0|1	10|6109|0|10	10|4201|0|15	10|7553|0|1	10|3514|0|2	1	0		今日充值	今日充值	今日累计充值|元宝，可领取	服务器繁忙，请稍候再领取！
2160	Recharge.cfg	2012|1|1	2017|11|1	1	0	2	0	5000		23		5|0|0|600000	10|6109|0|20	10|4203|0|10	10|7553|0|2	10|3516|0|1	10|4202|0|10	1	0		今日充值	今日充值	今日累计充值|元宝，可领取	服务器繁忙，请稍候再领取！
2161	Recharge.cfg	2012|1|1	2017|11|1	1	0	2	0	100		24		10|7554|0|2	5|0|0|20000	10|6109|0|4				1	0		今日充值	今日充值	今日累计充值|元宝，可领取	服务器繁忙，请稍候再领取！
2162	Recharge.cfg	2012|1|1	2017|11|1	1	0	2	0	300		24		10|7554|0|4	5|0|0|60000	10|7523|0|5				1	0		今日充值	今日充值	今日累计充值|元宝，可领取	服务器繁忙，请稍候再领取！
2163	Recharge.cfg	2012|1|1	2017|11|1	1	0	2	0	1000		24		5|0|0|100000	10|6109|0|6	10|4200|0|15	10|3513|0|1			1	0		今日充值	今日充值	今日累计充值|元宝，可领取	服务器繁忙，请稍候再领取！
2164	Recharge.cfg	2012|1|1	2017|11|1	1	0	2	0	2000		24		5|0|0|350000	10|6137|0|1	10|6109|0|10	10|4201|0|15	10|7553|0|1	10|3514|0|2	1	0		今日充值	今日充值	今日累计充值|元宝，可领取	服务器繁忙，请稍候再领取！
2165	Recharge.cfg	2012|1|1	2017|11|1	1	0	2	0	5000		24		5|0|0|600000	10|6109|0|20	10|4203|0|10	10|7553|0|2	10|3516|0|1	10|4202|0|10	1	0		今日充值	今日充值	今日累计充值|元宝，可领取	服务器繁忙，请稍候再领取！
2166	Recharge.cfg	2012|1|1	2017|11|1	1	0	2	0	100		25		10|7554|0|2	5|0|0|20000	10|6109|0|4				1	0		今日充值	今日充值	今日累计充值|元宝，可领取	服务器繁忙，请稍候再领取！
2167	Recharge.cfg	2012|1|1	2017|11|1	1	0	2	0	300		25		10|7554|0|4	5|0|0|60000	10|7523|0|5				1	0		今日充值	今日充值	今日累计充值|元宝，可领取	服务器繁忙，请稍候再领取！
2168	Recharge.cfg	2012|1|1	2017|11|1	1	0	2	0	1000		25		5|0|0|100000	10|6109|0|6	10|4200|0|15	10|3513|0|1			1	0		今日充值	今日充值	今日累计充值|元宝，可领取	服务器繁忙，请稍候再领取！
2169	Recharge.cfg	2012|1|1	2017|11|1	1	0	2	0	2000		25		5|0|0|350000	10|6137|0|1	10|6109|0|10	10|4201|0|15	10|7553|0|1	10|3514|0|2	1	0		今日充值	今日充值	今日累计充值|元宝，可领取	服务器繁忙，请稍候再领取！
2170	Recharge.cfg	2012|1|1	2017|11|1	1	0	2	0	5000		25		5|0|0|600000	10|6109|0|20	10|4203|0|10	10|7553|0|2	10|3516|0|1	10|4202|0|10	1	0		今日充值	今日充值	今日累计充值|元宝，可领取	服务器繁忙，请稍候再领取！
2171	Recharge.cfg	2012|1|1	2017|11|1	1	0	2	0	100		26		10|7554|0|2	5|0|0|20000	10|6109|0|4				1	0		今日充值	今日充值	今日累计充值|元宝，可领取	服务器繁忙，请稍候再领取！
2172	Recharge.cfg	2012|1|1	2017|11|1	1	0	2	0	300		26		10|7554|0|4	5|0|0|60000	10|7523|0|5				1	0		今日充值	今日充值	今日累计充值|元宝，可领取	服务器繁忙，请稍候再领取！
2173	Recharge.cfg	2012|1|1	2017|11|1	1	0	2	0	1000		26		5|0|0|100000	10|6109|0|6	10|4200|0|15	10|3513|0|1			1	0		今日充值	今日充值	今日累计充值|元宝，可领取	服务器繁忙，请稍候再领取！
2174	Recharge.cfg	2012|1|1	2017|11|1	1	0	2	0	2000		26		5|0|0|350000	10|6137|0|1	10|6109|0|10	10|4201|0|15	10|7553|0|1	10|3514|0|2	1	0		今日充值	今日充值	今日累计充值|元宝，可领取	服务器繁忙，请稍候再领取！
2175	Recharge.cfg	2012|1|1	2017|11|1	1	0	2	0	5000		26		5|0|0|600000	10|6109|0|20	10|4203|0|10	10|7553|0|2	10|3516|0|1	10|4202|0|10	1	0		今日充值	今日充值	今日累计充值|元宝，可领取	服务器繁忙，请稍候再领取！
2176	Recharge.cfg	2012|1|1	2017|11|1	1	0	2	0	100		27		10|7554|0|2	5|0|0|20000	10|6109|0|4				1	0		今日充值	今日充值	今日累计充值|元宝，可领取	服务器繁忙，请稍候再领取！
2177	Recharge.cfg	2012|1|1	2017|11|1	1	0	2	0	300		27		10|7554|0|4	5|0|0|60000	10|7523|0|5				1	0		今日充值	今日充值	今日累计充值|元宝，可领取	服务器繁忙，请稍候再领取！
2178	Recharge.cfg	2012|1|1	2017|11|1	1	0	2	0	1000		27		5|0|0|100000	10|6109|0|6	10|4200|0|15	10|3513|0|1			1	0		今日充值	今日充值	今日累计充值|元宝，可领取	服务器繁忙，请稍候再领取！
2179	Recharge.cfg	2012|1|1	2017|11|1	1	0	2	0	2000		27		5|0|0|350000	10|6137|0|1	10|6109|0|10	10|4201|0|15	10|7553|0|1	10|3514|0|2	1	0		今日充值	今日充值	今日累计充值|元宝，可领取	服务器繁忙，请稍候再领取！
2180	Recharge.cfg	2012|1|1	2017|11|1	1	0	2	0	5000		27		5|0|0|600000	10|6109|0|20	10|4203|0|10	10|7553|0|2	10|3516|0|1	10|4202|0|10	1	0		今日充值	今日充值	今日累计充值|元宝，可领取	服务器繁忙，请稍候再领取！
2181	Recharge.cfg	2012|1|1	2017|11|1	1	0	2	0	100		28		10|7554|0|2	5|0|0|20000	10|6109|0|4				1	0		今日充值	今日充值	今日累计充值|元宝，可领取	服务器繁忙，请稍候再领取！
2182	Recharge.cfg	2012|1|1	2017|11|1	1	0	2	0	300		28		10|7554|0|4	5|0|0|60000	10|7523|0|5				1	0		今日充值	今日充值	今日累计充值|元宝，可领取	服务器繁忙，请稍候再领取！
2183	Recharge.cfg	2012|1|1	2017|11|1	1	0	2	0	1000		28		5|0|0|100000	10|6109|0|6	10|4200|0|15	10|3513|0|1			1	0		今日充值	今日充值	今日累计充值|元宝，可领取	服务器繁忙，请稍候再领取！
2184	Recharge.cfg	2012|1|1	2017|11|1	1	0	2	0	2000		28		5|0|0|350000	10|6137|0|1	10|6109|0|10	10|4201|0|15	10|7553|0|1	10|3514|0|2	1	0		今日充值	今日充值	今日累计充值|元宝，可领取	服务器繁忙，请稍候再领取！
2185	Recharge.cfg	2012|1|1	2017|11|1	1	0	2	0	5000		28		5|0|0|600000	10|6109|0|20	10|4203|0|10	10|7553|0|2	10|3516|0|1		1	0		今日充值	今日充值	今日累计充值|元宝，可领取	服务器繁忙，请稍候再领取！
2186	Recharge.cfg	2012|1|1	2017|11|1	1	0	2	0	100		29		10|7554|0|2	5|0|0|20000	10|6109|0|4				1	0		今日充值	今日充值	今日累计充值|元宝，可领取	服务器繁忙，请稍候再领取！
2187	Recharge.cfg	2012|1|1	2017|11|1	1	0	2	0	300		29		10|7554|0|4	5|0|0|60000	10|7523|0|5				1	0		今日充值	今日充值	今日累计充值|元宝，可领取	服务器繁忙，请稍候再领取！
2188	Recharge.cfg	2012|1|1	2017|11|1	1	0	2	0	1000		29		5|0|0|100000	10|6109|0|6	10|4200|0|15	10|3513|0|1			1	0		今日充值	今日充值	今日累计充值|元宝，可领取	服务器繁忙，请稍候再领取！
2189	Recharge.cfg	2012|1|1	2017|11|1	1	0	2	0	2000		29		5|0|0|350000	10|6137|0|1	10|6109|0|10	10|4201|0|15	10|7553|0|1	10|3514|0|2	1	0		今日充值	今日充值	今日累计充值|元宝，可领取	服务器繁忙，请稍候再领取！
2190	Recharge.cfg	2012|1|1	2017|11|1	1	0	2	0	5000		29		5|0|0|600000	10|6109|0|20	10|4203|0|10	10|7553|0|2	10|3516|0|1		1	0		今日充值	今日充值	今日累计充值|元宝，可领取	服务器繁忙，请稍候再领取！
2191	Recharge.cfg	2012|1|1	2017|11|1	1	0	2	0	100		30		10|7554|0|2	5|0|0|20000	10|6109|0|4				1	0		今日充值	今日充值	今日累计充值|元宝，可领取	服务器繁忙，请稍候再领取！
2192	Recharge.cfg	2012|1|1	2017|11|1	1	0	2	0	300		30		10|7554|0|4	5|0|0|60000	10|7523|0|5				1	0		今日充值	今日充值	今日累计充值|元宝，可领取	服务器繁忙，请稍候再领取！
2193	Recharge.cfg	2012|1|1	2017|11|1	1	0	2	0	1000		30		5|0|0|100000	10|6109|0|6	10|4200|0|15	10|3513|0|1			1	0		今日充值	今日充值	今日累计充值|元宝，可领取	服务器繁忙，请稍候再领取！
2194	Recharge.cfg	2012|1|1	2017|11|1	1	0	2	0	2000		30		5|0|0|350000	10|6137|0|1	10|6109|0|10	10|4201|0|15	10|7553|0|1	10|3514|0|2	1	0		今日充值	今日充值	今日累计充值|元宝，可领取	服务器繁忙，请稍候再领取！
2195	Recharge.cfg	2012|1|1	2017|11|1	1	0	2	0	5000		30		5|0|0|600000	10|6109|0|20	10|4203|0|10	10|7553|0|2	10|3516|0|1		1	0		今日充值	今日充值	今日累计充值|元宝，可领取	服务器繁忙，请稍候再领取！
2196	Recharge.cfg	2012|1|1	2017|11|1	1	0	2	0	100		31		10|7554|0|2	5|0|0|20000	10|6109|0|4				1	0		今日充值	今日充值	今日累计充值|元宝，可领取	服务器繁忙，请稍候再领取！
2197	Recharge.cfg	2012|1|1	2017|11|1	1	0	2	0	300		31		10|7554|0|4	5|0|0|60000	10|7523|0|5				1	0		今日充值	今日充值	今日累计充值|元宝，可领取	服务器繁忙，请稍候再领取！
2198	Recharge.cfg	2012|1|1	2017|11|1	1	0	2	0	1000		31		5|0|0|100000	10|6109|0|6	10|4200|0|15	10|3513|0|1			1	0		今日充值	今日充值	今日累计充值|元宝，可领取	服务器繁忙，请稍候再领取！
2199	Recharge.cfg	2012|1|1	2017|11|1	1	0	2	0	2000		31		5|0|0|350000	10|6137|0|1	10|6109|0|10	10|4201|0|15	10|7553|0|1	10|3514|0|2	1	0		今日充值	今日充值	今日累计充值|元宝，可领取	服务器繁忙，请稍候再领取！
2200	Recharge.cfg	2012|1|1	2017|11|1	1	0	2	0	5000		31		5|0|0|600000	10|6109|0|20	10|4203|0|10	10|7553|0|2	10|3516|0|1		1	0		今日充值	今日充值	今日累计充值|元宝，可领取	服务器繁忙，请稍候再领取！
2201	Recharge.cfg	2012|1|1	2017|11|1	1	0	2	0	100		32		10|7554|0|2	5|0|0|20000	10|6109|0|4				1	0		今日充值	今日充值	今日累计充值|元宝，可领取	服务器繁忙，请稍候再领取！
2202	Recharge.cfg	2012|1|1	2017|11|1	1	0	2	0	300		32		10|7554|0|4	5|0|0|60000	10|7523|0|5				1	0		今日充值	今日充值	今日累计充值|元宝，可领取	服务器繁忙，请稍候再领取！
2203	Recharge.cfg	2012|1|1	2017|11|1	1	0	2	0	1000		32		5|0|0|100000	10|6109|0|6	10|4200|0|15	10|3513|0|1			1	0		今日充值	今日充值	今日累计充值|元宝，可领取	服务器繁忙，请稍候再领取！
2204	Recharge.cfg	2012|1|1	2017|11|1	1	0	2	0	2000		32		5|0|0|350000	10|6137|0|1	10|6109|0|10	10|4201|0|15	10|7553|0|1	10|3514|0|2	1	0		今日充值	今日充值	今日累计充值|元宝，可领取	服务器繁忙，请稍候再领取！
2205	Recharge.cfg	2012|1|1	2017|11|1	1	0	2	0	5000		32		5|0|0|600000	10|6109|0|20	10|4203|0|10	10|7553|0|2	10|3516|0|1		1	0		今日充值	今日充值	今日累计充值|元宝，可领取	服务器繁忙，请稍候再领取！
2206	Recharge.cfg	2012|1|1	2017|11|1	1	0	2	0	100		33		10|7554|0|2	5|0|0|20000	10|6109|0|4				1	0		今日充值	今日充值	今日累计充值|元宝，可领取	服务器繁忙，请稍候再领取！
2207	Recharge.cfg	2012|1|1	2017|11|1	1	0	2	0	300		33		10|7554|0|4	5|0|0|60000	10|7523|0|5				1	0		今日充值	今日充值	今日累计充值|元宝，可领取	服务器繁忙，请稍候再领取！
2208	Recharge.cfg	2012|1|1	2017|11|1	1	0	2	0	1000		33		5|0|0|100000	10|6109|0|6	10|4200|0|15	10|3513|0|1			1	0		今日充值	今日充值	今日累计充值|元宝，可领取	服务器繁忙，请稍候再领取！
2209	Recharge.cfg	2012|1|1	2017|11|1	1	0	2	0	2000		33		5|0|0|350000	10|6137|0|1	10|6109|0|10	10|4201|0|15	10|7553|0|1	10|3514|0|2	1	0		今日充值	今日充值	今日累计充值|元宝，可领取	服务器繁忙，请稍候再领取！
2210	Recharge.cfg	2012|1|1	2017|11|1	1	0	2	0	5000		33		5|0|0|600000	10|6109|0|20	10|4203|0|10	10|7553|0|2	10|3516|0|1		1	0		今日充值	今日充值	今日累计充值|元宝，可领取	服务器繁忙，请稍候再领取！
2211	Recharge.cfg	2012|1|1	2017|11|1	1	0	2	0	100		34		10|7554|0|2	5|0|0|20000	10|6109|0|4				1	0		今日充值	今日充值	今日累计充值|元宝，可领取	服务器繁忙，请稍候再领取！
2212	Recharge.cfg	2012|1|1	2017|11|1	1	0	2	0	300		34		10|7554|0|4	5|0|0|60000	10|7523|0|5				1	0		今日充值	今日充值	今日累计充值|元宝，可领取	服务器繁忙，请稍候再领取！
2213	Recharge.cfg	2012|1|1	2017|11|1	1	0	2	0	1000		34		5|0|0|100000	10|6109|0|6	10|4200|0|15	10|3513|0|1			1	0		今日充值	今日充值	今日累计充值|元宝，可领取	服务器繁忙，请稍候再领取！
2214	Recharge.cfg	2012|1|1	2017|11|1	1	0	2	0	2000		34		5|0|0|350000	10|6137|0|1	10|6109|0|10	10|4201|0|15	10|7553|0|1	10|3514|0|2	1	0		今日充值	今日充值	今日累计充值|元宝，可领取	服务器繁忙，请稍候再领取！
2215	Recharge.cfg	2012|1|1	2017|11|1	1	0	2	0	5000		34		5|0|0|600000	10|6109|0|20	10|4203|0|10	10|7553|0|2	10|3516|0|1		1	0		今日充值	今日充值	今日累计充值|元宝，可领取	服务器繁忙，请稍候再领取！
2216	Recharge.cfg	2012|1|1	2017|11|1	1	0	2	0	400		28|34		10|6768|0|4	10|4013|0|255	10|4031|0|255	10|4019|0|255	10|4006|0|255	10|4030|0|255	1	0		多日充值	累积充值	累积充值达到|元宝，可领取	服务器繁忙，请稍候再领取！
2217	Recharge.cfg	2012|1|1	2017|11|1	1	0	2	0	1200		28|34		10|6119|0|10	10|4001|0|20	10|4009|0|120	10|7555|0|10			1	0		多日充值	累积充值	累积充值达到|元宝，可领取	服务器繁忙，请稍候再领取！
2218	Recharge.cfg	2012|1|1	2017|11|1	1	0	2	0	3000		28|34		10|7520|0|10	10|7521|0|5	10|7522|0|10	10|6137|0|3			1	0		多日充值	累积充值	累积充值达到|元宝，可领取	服务器繁忙，请稍候再领取！
2219	Recharge.cfg	2012|1|1	2017|11|1	1	0	2	0	5000		28|34		10|6782|0|4	10|4200|0|50	10|4201|0|25	10|4202|0|20			1	0		多日充值	累积充值	累积充值达到|元宝，可领取	服务器繁忙，请稍候再领取！
2220	Recharge.cfg	2012|1|1	2017|11|1	1	0	2	0	8000		28|34		10|6782|0|7	10|4200|0|100	10|4201|0|50	10|4203|0|20			1	0		多日充值	累积充值	累积充值达到|元宝，可领取	服务器繁忙，请稍候再领取！
2221	Recharge.cfg	2012|1|1	2017|11|1	1	0	2	0	20000		28|34		10|6126|0|1	10|6792|0|1	10|4204|0|35				1	0		多日充值	累积充值	累积充值达到|元宝，可领取	服务器繁忙，请稍候再领取！
2222	Recharge.cfg	2012|1|1	2017|11|1	1	0	2	0	100		35		10|7554|0|2	5|0|0|20000	10|6109|0|4	10|6122|0|1			1	0		今日充值	今日充值	今日累计充值|元宝，可领取	服务器繁忙，请稍候再领取！
2223	Recharge.cfg	2012|1|1	2017|11|1	1	0	2	0	300		35		10|7554|0|4	5|0|0|60000	10|7523|0|5	10|7552|0|1	10|4203|0|2		1	0		今日充值	今日充值	今日累计充值|元宝，可领取	服务器繁忙，请稍候再领取！
2224	Recharge.cfg	2012|1|1	2017|11|1	1	0	2	0	1000		35		5|0|0|100000	10|6109|0|6	10|4200|0|15	10|3513|0|1	10|4202|0|10	10|7553|0|1	1	0		今日充值	今日充值	今日累计充值|元宝，可领取	服务器繁忙，请稍候再领取！
2225	Recharge.cfg	2012|1|1	2017|11|1	1	0	2	0	2000		35		5|0|0|350000	10|6137|0|1	10|6109|0|10	10|4201|0|15	10|7553|0|2	10|3514|0|2	1	0		今日充值	今日充值	今日累计充值|元宝，可领取	服务器繁忙，请稍候再领取！
2226	Recharge.cfg	2012|1|1	2017|11|1	1	0	2	0	5000		35		5|0|0|600000	10|6109|0|20	10|4203|0|10	10|7553|0|3	10|3516|0|1		1	0		今日充值	今日充值	今日累计充值|元宝，可领取	服务器繁忙，请稍候再领取！
2227	Recharge.cfg	2012|1|1	2017|11|1	1	0	2	0	100		36		10|7554|0|2	5|0|0|20000	10|6109|0|4	10|6122|0|1			1	0		今日充值	今日充值	今日累计充值|元宝，可领取	服务器繁忙，请稍候再领取！
2228	Recharge.cfg	2012|1|1	2017|11|1	1	0	2	0	300		36		10|7554|0|4	5|0|0|60000	10|7523|0|5	10|7552|0|1	10|4203|0|2		1	0		今日充值	今日充值	今日累计充值|元宝，可领取	服务器繁忙，请稍候再领取！
2229	Recharge.cfg	2012|1|1	2017|11|1	1	0	2	0	1000		36		5|0|0|100000	10|6109|0|6	10|4200|0|15	10|3513|0|1	10|4202|0|10	10|7553|0|1	1	0		今日充值	今日充值	今日累计充值|元宝，可领取	服务器繁忙，请稍候再领取！
2230	Recharge.cfg	2012|1|1	2017|11|1	1	0	2	0	2000		36		5|0|0|350000	10|6137|0|1	10|6109|0|10	10|4201|0|15	10|7553|0|2	10|3514|0|2	1	0		今日充值	今日充值	今日累计充值|元宝，可领取	服务器繁忙，请稍候再领取！
2231	Recharge.cfg	2012|1|1	2017|11|1	1	0	2	0	5000		36		5|0|0|600000	10|6109|0|20	10|4203|0|10	10|7553|0|3	10|3516|0|1		1	0		今日充值	今日充值	今日累计充值|元宝，可领取	服务器繁忙，请稍候再领取！
2232	Recharge.cfg	2012|1|1	2017|11|1	1	0	2	0	100		37		10|7554|0|2	5|0|0|20000	10|6109|0|4	10|6122|0|1			1	0		今日充值	今日充值	今日累计充值|元宝，可领取	服务器繁忙，请稍候再领取！
2233	Recharge.cfg	2012|1|1	2017|11|1	1	0	2	0	300		37		10|7554|0|4	5|0|0|60000	10|7523|0|5	10|7552|0|1	10|4203|0|2		1	0		今日充值	今日充值	今日累计充值|元宝，可领取	服务器繁忙，请稍候再领取！
2234	Recharge.cfg	2012|1|1	2017|11|1	1	0	2	0	1000		37		5|0|0|100000	10|6109|0|6	10|4200|0|15	10|3513|0|1	10|4202|0|10	10|7553|0|1	1	0		今日充值	今日充值	今日累计充值|元宝，可领取	服务器繁忙，请稍候再领取！
2235	Recharge.cfg	2012|1|1	2017|11|1	1	0	2	0	2000		37		5|0|0|350000	10|6137|0|1	10|6109|0|10	10|4201|0|15	10|7553|0|2	10|3514|0|2	1	0		今日充值	今日充值	今日累计充值|元宝，可领取	服务器繁忙，请稍候再领取！
2236	Recharge.cfg	2012|1|1	2017|11|1	1	0	2	0	5000		37		5|0|0|600000	10|6109|0|20	10|4203|0|10	10|7553|0|3	10|3516|0|1		1	0		今日充值	今日充值	今日累计充值|元宝，可领取	服务器繁忙，请稍候再领取！
2237	Recharge.cfg	2012|1|1	2017|11|1	1	0	2	0	100		38		10|7554|0|2	5|0|0|20000	10|6109|0|4	10|6122|0|1			1	0		今日充值	今日充值	今日累计充值|元宝，可领取	服务器繁忙，请稍候再领取！
2238	Recharge.cfg	2012|1|1	2017|11|1	1	0	2	0	300		38		10|7554|0|4	5|0|0|60000	10|7523|0|5	10|7552|0|1	10|4203|0|2		1	0		今日充值	今日充值	今日累计充值|元宝，可领取	服务器繁忙，请稍候再领取！
2239	Recharge.cfg	2012|1|1	2017|11|1	1	0	2	0	1000		38		5|0|0|100000	10|6109|0|6	10|4200|0|15	10|3513|0|1	10|4202|0|10	10|7553|0|1	1	0		今日充值	今日充值	今日累计充值|元宝，可领取	服务器繁忙，请稍候再领取！
2240	Recharge.cfg	2012|1|1	2017|11|1	1	0	2	0	2000		38		5|0|0|350000	10|6137|0|1	10|6109|0|10	10|4201|0|15	10|7553|0|2	10|3514|0|2	1	0		今日充值	今日充值	今日累计充值|元宝，可领取	服务器繁忙，请稍候再领取！
2241	Recharge.cfg	2012|1|1	2017|11|1	1	0	2	0	5000		38		5|0|0|600000	10|6109|0|20	10|4203|0|10	10|7553|0|3	10|3516|0|1		1	0		今日充值	今日充值	今日累计充值|元宝，可领取	服务器繁忙，请稍候再领取！
2242	Recharge.cfg	2012|1|1	2017|11|1	1	0	2	0	100		39		10|7554|0|2	5|0|0|20000	10|6109|0|4	10|6122|0|1			1	0		今日充值	今日充值	今日累计充值|元宝，可领取	服务器繁忙，请稍候再领取！
2243	Recharge.cfg	2012|1|1	2017|11|1	1	0	2	0	300		39		10|7554|0|4	5|0|0|60000	10|7523|0|5	10|7552|0|1	10|4203|0|2		1	0		今日充值	今日充值	今日累计充值|元宝，可领取	服务器繁忙，请稍候再领取！
2244	Recharge.cfg	2012|1|1	2017|11|1	1	0	2	0	1000		39		5|0|0|100000	10|6109|0|6	10|4200|0|15	10|3513|0|1	10|4202|0|10	10|7553|0|1	1	0		今日充值	今日充值	今日累计充值|元宝，可领取	服务器繁忙，请稍候再领取！
2245	Recharge.cfg	2012|1|1	2017|11|1	1	0	2	0	2000		39		5|0|0|350000	10|6137|0|1	10|6109|0|10	10|4201|0|15	10|7553|0|2	10|3514|0|2	1	0		今日充值	今日充值	今日累计充值|元宝，可领取	服务器繁忙，请稍候再领取！
2246	Recharge.cfg	2012|1|1	2017|11|1	1	0	2	0	5000		39		5|0|0|600000	10|6109|0|20	10|4203|0|10	10|7553|0|3	10|3516|0|1		1	0		今日充值	今日充值	今日累计充值|元宝，可领取	服务器繁忙，请稍候再领取！
2247	Recharge.cfg	2012|1|1	2017|11|1	1	0	2	0	100		40		10|7554|0|2	5|0|0|20000	10|6109|0|4	10|6122|0|1			1	0		今日充值	今日充值	今日累计充值|元宝，可领取	服务器繁忙，请稍候再领取！
2248	Recharge.cfg	2012|1|1	2017|11|1	1	0	2	0	300		40		10|7554|0|4	5|0|0|60000	10|7523|0|5	10|7552|0|1	10|4203|0|2		1	0		今日充值	今日充值	今日累计充值|元宝，可领取	服务器繁忙，请稍候再领取！
2249	Recharge.cfg	2012|1|1	2017|11|1	1	0	2	0	1000		40		5|0|0|100000	10|6109|0|6	10|4200|0|15	10|3513|0|1	10|4202|0|10	10|7553|0|1	1	0		今日充值	今日充值	今日累计充值|元宝，可领取	服务器繁忙，请稍候再领取！
2250	Recharge.cfg	2012|1|1	2017|11|1	1	0	2	0	2000		40		5|0|0|350000	10|6137|0|1	10|6109|0|10	10|4201|0|15	10|7553|0|2	10|3514|0|2	1	0		今日充值	今日充值	今日累计充值|元宝，可领取	服务器繁忙，请稍候再领取！
2251	Recharge.cfg	2012|1|1	2017|11|1	1	0	2	0	5000		40		5|0|0|600000	10|6109|0|20	10|4203|0|10	10|7553|0|3	10|3516|0|1		1	0		今日充值	今日充值	今日累计充值|元宝，可领取	服务器繁忙，请稍候再领取！
2252	Recharge.cfg	2012|1|1	2017|11|1	1	0	2	0	100		41		10|7554|0|2	5|0|0|20000	10|6109|0|4	10|6122|0|1			1	0		今日充值	今日充值	今日累计充值|元宝，可领取	服务器繁忙，请稍候再领取！
2253	Recharge.cfg	2012|1|1	2017|11|1	1	0	2	0	300		41		10|7554|0|4	5|0|0|60000	10|7523|0|5	10|7552|0|1	10|4203|0|2		1	0		今日充值	今日充值	今日累计充值|元宝，可领取	服务器繁忙，请稍候再领取！
2254	Recharge.cfg	2012|1|1	2017|11|1	1	0	2	0	1000		41		5|0|0|100000	10|6109|0|6	10|4200|0|15	10|3513|0|1	10|4202|0|10	10|7553|0|1	1	0		今日充值	今日充值	今日累计充值|元宝，可领取	服务器繁忙，请稍候再领取！
2255	Recharge.cfg	2012|1|1	2017|11|1	1	0	2	0	2000		41		5|0|0|350000	10|6137|0|1	10|6109|0|10	10|4201|0|15	10|7553|0|2	10|3514|0|2	1	0		今日充值	今日充值	今日累计充值|元宝，可领取	服务器繁忙，请稍候再领取！
2256	Recharge.cfg	2012|1|1	2017|11|1	1	0	2	0	5000		41		5|0|0|600000	10|6109|0|20	10|4203|0|10	10|7553|0|3	10|3516|0|1		1	0		今日充值	今日充值	今日累计充值|元宝，可领取	服务器繁忙，请稍候再领取！
2257	Recharge.cfg	2012|1|1	2017|11|1	1	0	2	0	100		42		10|7554|0|2	5|0|0|20000	10|6109|0|4	10|6119|0|2			1	0		今日充值	今日充值	今日累计充值|元宝，可领取	服务器繁忙，请稍候再领取！
2258	Recharge.cfg	2012|1|1	2017|11|1	1	0	2	0	300		42		10|7554|0|4	5|0|0|60000	10|4203|0|2	10|7552|0|1	10|6119|0|2		1	0		今日充值	今日充值	今日累计充值|元宝，可领取	服务器繁忙，请稍候再领取！
2259	Recharge.cfg	2012|1|1	2017|11|1	1	0	2	0	1000		42		5|0|0|100000	10|6109|0|6	10|4200|0|15	10|3513|0|1	10|4202|0|10	10|7553|0|1	1	0		今日充值	今日充值	今日累计充值|元宝，可领取	服务器繁忙，请稍候再领取！
2260	Recharge.cfg	2012|1|1	2017|11|1	1	0	2	0	2000		42		5|0|0|350000	10|6137|0|1	10|6109|0|10	10|4201|0|15	10|7553|0|2	10|3514|0|2	1	0		今日充值	今日充值	今日累计充值|元宝，可领取	服务器繁忙，请稍候再领取！
2261	Recharge.cfg	2012|1|1	2017|11|1	1	0	2	0	5000		42		5|0|0|600000	10|6109|0|20	10|4203|0|10	10|7553|0|3	10|3516|0|1		1	0		今日充值	今日充值	今日累计充值|元宝，可领取	服务器繁忙，请稍候再领取！
2262	Recharge.cfg	2012|1|1	2017|11|1	1	0	2	0	100		43		10|7554|0|2	5|0|0|20000	10|6109|0|4	10|6119|0|2			1	0		今日充值	今日充值	今日累计充值|元宝，可领取	服务器繁忙，请稍候再领取！
2263	Recharge.cfg	2012|1|1	2017|11|1	1	0	2	0	300		43		10|7554|0|4	5|0|0|60000	10|4203|0|2	10|7552|0|1	10|6119|0|2		1	0		今日充值	今日充值	今日累计充值|元宝，可领取	服务器繁忙，请稍候再领取！
2264	Recharge.cfg	2012|1|1	2017|11|1	1	0	2	0	1000		43		5|0|0|100000	10|6109|0|6	10|4200|0|15	10|3513|0|1	10|4202|0|10	10|7553|0|1	1	0		今日充值	今日充值	今日累计充值|元宝，可领取	服务器繁忙，请稍候再领取！
2265	Recharge.cfg	2012|1|1	2017|11|1	1	0	2	0	2000		43		5|0|0|350000	10|6137|0|1	10|6109|0|10	10|4201|0|15	10|7553|0|2	10|3514|0|2	1	0		今日充值	今日充值	今日累计充值|元宝，可领取	服务器繁忙，请稍候再领取！
2266	Recharge.cfg	2012|1|1	2017|11|1	1	0	2	0	5000		43		5|0|0|600000	10|6109|0|20	10|4203|0|10	10|7553|0|3	10|3516|0|1		1	0		今日充值	今日充值	今日累计充值|元宝，可领取	服务器繁忙，请稍候再领取！
2267	Recharge.cfg	2012|1|1	2017|11|1	1	0	2	0	100		44		10|7554|0|2	5|0|0|20000	10|6109|0|4	10|6119|0|2			1	0		今日充值	今日充值	今日累计充值|元宝，可领取	服务器繁忙，请稍候再领取！
2268	Recharge.cfg	2012|1|1	2017|11|1	1	0	2	0	300		44		10|7554|0|4	5|0|0|60000	10|4203|0|2	10|7552|0|1	10|6119|0|2		1	0		今日充值	今日充值	今日累计充值|元宝，可领取	服务器繁忙，请稍候再领取！
2269	Recharge.cfg	2012|1|1	2017|11|1	1	0	2	0	1000		44		5|0|0|100000	10|6109|0|6	10|4200|0|15	10|3513|0|1	10|4202|0|10	10|7553|0|1	1	0		今日充值	今日充值	今日累计充值|元宝，可领取	服务器繁忙，请稍候再领取！
2270	Recharge.cfg	2012|1|1	2017|11|1	1	0	2	0	2000		44		5|0|0|350000	10|6137|0|1	10|6109|0|10	10|4201|0|15	10|7553|0|2	10|3514|0|2	1	0		今日充值	今日充值	今日累计充值|元宝，可领取	服务器繁忙，请稍候再领取！
2271	Recharge.cfg	2012|1|1	2017|11|1	1	0	2	0	5000		44		5|0|0|600000	10|6109|0|20	10|4203|0|10	10|7553|0|3	10|3516|0|1		1	0		今日充值	今日充值	今日累计充值|元宝，可领取	服务器繁忙，请稍候再领取！
2272	Recharge.cfg	2012|1|1	2017|11|1	1	0	2	0	100		45		10|7554|0|2	5|0|0|20000	10|6109|0|4	10|6119|0|2			1	0		今日充值	今日充值	今日累计充值|元宝，可领取	服务器繁忙，请稍候再领取！
2273	Recharge.cfg	2012|1|1	2017|11|1	1	0	2	0	300		45		10|7554|0|4	5|0|0|60000	10|4203|0|2	10|7552|0|1	10|6119|0|2		1	0		今日充值	今日充值	今日累计充值|元宝，可领取	服务器繁忙，请稍候再领取！
2274	Recharge.cfg	2012|1|1	2017|11|1	1	0	2	0	1000		45		5|0|0|100000	10|6109|0|6	10|4200|0|15	10|3513|0|1	10|4202|0|10	10|7553|0|1	1	0		今日充值	今日充值	今日累计充值|元宝，可领取	服务器繁忙，请稍候再领取！
2275	Recharge.cfg	2012|1|1	2017|11|1	1	0	2	0	2000		45		5|0|0|350000	10|6137|0|1	10|6109|0|10	10|4201|0|15	10|7553|0|2	10|3514|0|2	1	0		今日充值	今日充值	今日累计充值|元宝，可领取	服务器繁忙，请稍候再领取！
2276	Recharge.cfg	2012|1|1	2017|11|1	1	0	2	0	5000		45		5|0|0|600000	10|6109|0|20	10|4203|0|10	10|7553|0|3	10|3516|0|1		1	0		今日充值	今日充值	今日累计充值|元宝，可领取	服务器繁忙，请稍候再领取！
2277	Recharge.cfg	2012|1|1	2017|11|1	1	0	2	0	100		46		10|7554|0|2	5|0|0|20000	10|6109|0|4	10|6119|0|2			1	0		今日充值	今日充值	今日累计充值|元宝，可领取	服务器繁忙，请稍候再领取！
2278	Recharge.cfg	2012|1|1	2017|11|1	1	0	2	0	300		46		10|7554|0|4	5|0|0|60000	10|4203|0|2	10|7552|0|1	10|6119|0|2		1	0		今日充值	今日充值	今日累计充值|元宝，可领取	服务器繁忙，请稍候再领取！
2279	Recharge.cfg	2012|1|1	2017|11|1	1	0	2	0	1000		46		5|0|0|100000	10|6109|0|6	10|4200|0|15	10|3513|0|1	10|4202|0|10	10|7553|0|1	1	0		今日充值	今日充值	今日累计充值|元宝，可领取	服务器繁忙，请稍候再领取！
2280	Recharge.cfg	2012|1|1	2017|11|1	1	0	2	0	2000		46		5|0|0|350000	10|6137|0|1	10|6109|0|10	10|4201|0|15	10|7553|0|2	10|3514|0|2	1	0		今日充值	今日充值	今日累计充值|元宝，可领取	服务器繁忙，请稍候再领取！
2281	Recharge.cfg	2012|1|1	2017|11|1	1	0	2	0	5000		46		5|0|0|600000	10|6109|0|20	10|4203|0|10	10|7553|0|3	10|3516|0|1		1	0		今日充值	今日充值	今日累计充值|元宝，可领取	服务器繁忙，请稍候再领取！
2282	Recharge.cfg	2012|1|1	2017|11|1	1	0	2	0	100		47		10|7554|0|2	5|0|0|20000	10|6109|0|4	10|6119|0|2			1	0		今日充值	今日充值	今日累计充值|元宝，可领取	服务器繁忙，请稍候再领取！
2283	Recharge.cfg	2012|1|1	2017|11|1	1	0	2	0	300		47		10|7554|0|4	5|0|0|60000	10|4203|0|2	10|7552|0|1	10|6119|0|2		1	0		今日充值	今日充值	今日累计充值|元宝，可领取	服务器繁忙，请稍候再领取！
2284	Recharge.cfg	2012|1|1	2017|11|1	1	0	2	0	1000		47		5|0|0|100000	10|6109|0|6	10|4200|0|15	10|3513|0|1	10|4202|0|10	10|7553|0|1	1	0		今日充值	今日充值	今日累计充值|元宝，可领取	服务器繁忙，请稍候再领取！
2285	Recharge.cfg	2012|1|1	2017|11|1	1	0	2	0	2000		47		5|0|0|350000	10|6137|0|1	10|6109|0|10	10|4201|0|15	10|7553|0|2	10|3514|0|2	1	0		今日充值	今日充值	今日累计充值|元宝，可领取	服务器繁忙，请稍候再领取！
2286	Recharge.cfg	2012|1|1	2017|11|1	1	0	2	0	5000		47		5|0|0|600000	10|6109|0|20	10|4203|0|10	10|7553|0|3	10|3516|0|1		1	0		今日充值	今日充值	今日累计充值|元宝，可领取	服务器繁忙，请稍候再领取！
2287	Recharge.cfg	2012|1|1	2017|11|1	1	0	2	0	100		48		10|7554|0|2	5|0|0|20000	10|6109|0|4	10|6119|0|2			1	0		今日充值	今日充值	今日累计充值|元宝，可领取	服务器繁忙，请稍候再领取！
2288	Recharge.cfg	2012|1|1	2017|11|1	1	0	2	0	300		48		10|7554|0|4	5|0|0|60000	10|4203|0|2	10|7552|0|1	10|6119|0|2		1	0		今日充值	今日充值	今日累计充值|元宝，可领取	服务器繁忙，请稍候再领取！
2289	Recharge.cfg	2012|1|1	2017|11|1	1	0	2	0	1000		48		5|0|0|100000	10|6109|0|6	10|4200|0|15	10|3513|0|1	10|4202|0|10	10|7553|0|1	1	0		今日充值	今日充值	今日累计充值|元宝，可领取	服务器繁忙，请稍候再领取！
2290	Recharge.cfg	2012|1|1	2017|11|1	1	0	2	0	2000		48		5|0|0|350000	10|6137|0|1	10|6109|0|10	10|4201|0|15	10|7553|0|2	10|3514|0|2	1	0		今日充值	今日充值	今日累计充值|元宝，可领取	服务器繁忙，请稍候再领取！
2291	Recharge.cfg	2012|1|1	2017|11|1	1	0	2	0	5000		48		5|0|0|600000	10|6109|0|20	10|4203|0|10	10|7553|0|3	10|3516|0|1		1	0		今日充值	今日充值	今日累计充值|元宝，可领取	服务器繁忙，请稍候再领取！
2292	Recharge.cfg	2012|1|1	2017|11|1	1	0	2	0	100		49		10|7554|0|2	5|0|0|20000	10|6109|0|4	10|6119|0|2			1	0		今日充值	今日充值	今日累计充值|元宝，可领取	服务器繁忙，请稍候再领取！
2293	Recharge.cfg	2012|1|1	2017|11|1	1	0	2	0	300		49		10|7554|0|4	5|0|0|60000	10|4203|0|2	10|7552|0|1	10|6119|0|2		1	0		今日充值	今日充值	今日累计充值|元宝，可领取	服务器繁忙，请稍候再领取！
2294	Recharge.cfg	2012|1|1	2017|11|1	1	0	2	0	1000		49		5|0|0|100000	10|6109|0|6	10|4200|0|15	10|3513|0|1	10|4202|0|10	10|7553|0|1	1	0		今日充值	今日充值	今日累计充值|元宝，可领取	服务器繁忙，请稍候再领取！
2295	Recharge.cfg	2012|1|1	2017|11|1	1	0	2	0	2000		49		5|0|0|350000	10|6137|0|1	10|6109|0|10	10|4201|0|15	10|7553|0|2	10|3514|0|2	1	0		今日充值	今日充值	今日累计充值|元宝，可领取	服务器繁忙，请稍候再领取！
2296	Recharge.cfg	2012|1|1	2017|11|1	1	0	2	0	5000		49		5|0|0|600000	10|6109|0|20	10|4203|0|10	10|7553|0|3	10|3516|0|1		1	0		今日充值	今日充值	今日累计充值|元宝，可领取	服务器繁忙，请稍候再领取！
2297	Recharge.cfg	2012|1|1	2017|11|1	1	0	2	0	100		50		10|7554|0|2	5|0|0|20000	10|6109|0|4	10|6119|0|2			1	0		今日充值	今日充值	今日累计充值|元宝，可领取	服务器繁忙，请稍候再领取！
2298	Recharge.cfg	2012|1|1	2017|11|1	1	0	2	0	300		50		10|7554|0|4	5|0|0|60000	10|4203|0|2	10|7552|0|1	10|6119|0|2		1	0		今日充值	今日充值	今日累计充值|元宝，可领取	服务器繁忙，请稍候再领取！
2299	Recharge.cfg	2012|1|1	2017|11|1	1	0	2	0	1000		50		5|0|0|100000	10|6109|0|6	10|4200|0|15	10|3513|0|1	10|4202|0|10	10|7553|0|1	1	0		今日充值	今日充值	今日累计充值|元宝，可领取	服务器繁忙，请稍候再领取！
2300	Recharge.cfg	2012|1|1	2017|11|1	1	0	2	0	2000		50		5|0|0|350000	10|6137|0|1	10|6109|0|10	10|4201|0|15	10|7553|0|2	10|3514|0|2	1	0		今日充值	今日充值	今日累计充值|元宝，可领取	服务器繁忙，请稍候再领取！
2301	Recharge.cfg	2012|1|1	2017|11|1	1	0	2	0	5000		50		5|0|0|600000	10|6109|0|20	10|4203|0|10	10|7553|0|3	10|3516|0|1		1	0		今日充值	今日充值	今日累计充值|元宝，可领取	服务器繁忙，请稍候再领取！
2302	Recharge.cfg	2012|1|1	2017|11|1	1	0	2	0	100		51		10|7554|0|2	5|0|0|20000	10|6109|0|4	10|6119|0|2			1	0		今日充值	今日充值	今日累计充值|元宝，可领取	服务器繁忙，请稍候再领取！
2303	Recharge.cfg	2012|1|1	2017|11|1	1	0	2	0	300		51		10|7554|0|4	5|0|0|60000	10|4203|0|2	10|7552|0|1	10|6119|0|2		1	0		今日充值	今日充值	今日累计充值|元宝，可领取	服务器繁忙，请稍候再领取！
2304	Recharge.cfg	2012|1|1	2017|11|1	1	0	2	0	1000		51		5|0|0|100000	10|6109|0|6	10|4200|0|15	10|3513|0|1	10|4202|0|10	10|7553|0|1	1	0		今日充值	今日充值	今日累计充值|元宝，可领取	服务器繁忙，请稍候再领取！
2305	Recharge.cfg	2012|1|1	2017|11|1	1	0	2	0	2000		51		5|0|0|350000	10|6137|0|1	10|6109|0|10	10|4201|0|15	10|7553|0|2	10|3514|0|2	1	0		今日充值	今日充值	今日累计充值|元宝，可领取	服务器繁忙，请稍候再领取！
2306	Recharge.cfg	2012|1|1	2017|11|1	1	0	2	0	5000		51		5|0|0|600000	10|6109|0|20	10|4203|0|10	10|7553|0|3	10|3516|0|1		1	0		今日充值	今日充值	今日累计充值|元宝，可领取	服务器繁忙，请稍候再领取！
2307	Recharge.cfg	2012|1|1	2017|11|1	1	0	2	0	100		52		10|7554|0|2	5|0|0|20000	10|6109|0|4	10|6119|0|2			1	0		今日充值	今日充值	今日累计充值|元宝，可领取	服务器繁忙，请稍候再领取！
2308	Recharge.cfg	2012|1|1	2017|11|1	1	0	2	0	300		52		10|7554|0|4	5|0|0|60000	10|4203|0|2	10|7552|0|1	10|6119|0|2		1	0		今日充值	今日充值	今日累计充值|元宝，可领取	服务器繁忙，请稍候再领取！
2309	Recharge.cfg	2012|1|1	2017|11|1	1	0	2	0	1000		52		5|0|0|100000	10|6109|0|6	10|4200|0|15	10|3513|0|1	10|4202|0|10	10|7553|0|1	1	0		今日充值	今日充值	今日累计充值|元宝，可领取	服务器繁忙，请稍候再领取！
2310	Recharge.cfg	2012|1|1	2017|11|1	1	0	2	0	2000		52		5|0|0|350000	10|6137|0|1	10|6109|0|10	10|4201|0|15	10|7553|0|2	10|3514|0|2	1	0		今日充值	今日充值	今日累计充值|元宝，可领取	服务器繁忙，请稍候再领取！
2311	Recharge.cfg	2012|1|1	2017|11|1	1	0	2	0	5000		52		5|0|0|600000	10|6109|0|20	10|4203|0|10	10|7553|0|3	10|3516|0|1		1	0		今日充值	今日充值	今日累计充值|元宝，可领取	服务器繁忙，请稍候再领取！
2312	Recharge.cfg	2012|1|1	2017|11|1	1	0	2	0	100		53		10|7554|0|2	5|0|0|20000	10|6109|0|4	10|6119|0|2			1	0		今日充值	今日充值	今日累计充值|元宝，可领取	服务器繁忙，请稍候再领取！
2313	Recharge.cfg	2012|1|1	2017|11|1	1	0	2	0	300		53		10|7554|0|4	5|0|0|60000	10|4203|0|2	10|7552|0|1	10|6119|0|2		1	0		今日充值	今日充值	今日累计充值|元宝，可领取	服务器繁忙，请稍候再领取！
2314	Recharge.cfg	2012|1|1	2017|11|1	1	0	2	0	1000		53		5|0|0|100000	10|6109|0|6	10|4200|0|15	10|3513|0|1	10|4202|0|10	10|7553|0|1	1	0		今日充值	今日充值	今日累计充值|元宝，可领取	服务器繁忙，请稍候再领取！
2315	Recharge.cfg	2012|1|1	2017|11|1	1	0	2	0	2000		53		5|0|0|350000	10|6137|0|1	10|6109|0|10	10|4201|0|15	10|7553|0|2	10|3514|0|2	1	0		今日充值	今日充值	今日累计充值|元宝，可领取	服务器繁忙，请稍候再领取！
2316	Recharge.cfg	2012|1|1	2017|11|1	1	0	2	0	5000		53		5|0|0|600000	10|6109|0|20	10|4203|0|10	10|7553|0|3	10|3516|0|1		1	0		今日充值	今日充值	今日累计充值|元宝，可领取	服务器繁忙，请稍候再领取！
2317	Recharge.cfg	2012|1|1	2017|11|1	1	0	2	0	100		54		10|7554|0|2	5|0|0|20000	10|6109|0|4	10|6119|0|2			1	0		今日充值	今日充值	今日累计充值|元宝，可领取	服务器繁忙，请稍候再领取！
2318	Recharge.cfg	2012|1|1	2017|11|1	1	0	2	0	300		54		10|7554|0|4	5|0|0|60000	10|4203|0|2	10|7552|0|1	10|6119|0|2		1	0		今日充值	今日充值	今日累计充值|元宝，可领取	服务器繁忙，请稍候再领取！
2319	Recharge.cfg	2012|1|1	2017|11|1	1	0	2	0	1000		54		5|0|0|100000	10|6109|0|6	10|4200|0|15	10|3513|0|1	10|4202|0|10	10|7553|0|1	1	0		今日充值	今日充值	今日累计充值|元宝，可领取	服务器繁忙，请稍候再领取！
2320	Recharge.cfg	2012|1|1	2017|11|1	1	0	2	0	2000		54		5|0|0|350000	10|6137|0|1	10|6109|0|10	10|4201|0|15	10|7553|0|2	10|3514|0|2	1	0		今日充值	今日充值	今日累计充值|元宝，可领取	服务器繁忙，请稍候再领取！
2321	Recharge.cfg	2012|1|1	2017|11|1	1	0	2	0	5000		54		5|0|0|600000	10|6109|0|20	10|4203|0|10	10|7553|0|3	10|3516|0|1		1	0		今日充值	今日充值	今日累计充值|元宝，可领取	服务器繁忙，请稍候再领取！
2322	Recharge.cfg	2012|1|1	2017|11|1	1	0	2	0	100		55		10|7554|0|2	5|0|0|20000	10|6109|0|4	10|6119|0|2			1	0		今日充值	今日充值	今日累计充值|元宝，可领取	服务器繁忙，请稍候再领取！
2323	Recharge.cfg	2012|1|1	2017|11|1	1	0	2	0	300		55		10|7554|0|4	5|0|0|60000	10|4203|0|2	10|7552|0|1	10|6119|0|2		1	0		今日充值	今日充值	今日累计充值|元宝，可领取	服务器繁忙，请稍候再领取！
2324	Recharge.cfg	2012|1|1	2017|11|1	1	0	2	0	1000		55		5|0|0|100000	10|6109|0|6	10|4200|0|15	10|3513|0|1	10|4202|0|10	10|7553|0|1	1	0		今日充值	今日充值	今日累计充值|元宝，可领取	服务器繁忙，请稍候再领取！
2325	Recharge.cfg	2012|1|1	2017|11|1	1	0	2	0	2000		55		5|0|0|350000	10|6137|0|1	10|6109|0|10	10|4201|0|15	10|7553|0|2	10|3514|0|2	1	0		今日充值	今日充值	今日累计充值|元宝，可领取	服务器繁忙，请稍候再领取！
2326	Recharge.cfg	2012|1|1	2017|11|1	1	0	2	0	5000		55		5|0|0|600000	10|6109|0|20	10|4203|0|10	10|7553|0|3	10|3516|0|1		1	0		今日充值	今日充值	今日累计充值|元宝，可领取	服务器繁忙，请稍候再领取！
2327	Recharge.cfg	2012|1|1	2017|11|1	1	0	2	0	100		56		10|7554|0|2	5|0|0|20000	10|6109|0|4	10|6119|0|2			1	0		今日充值	今日充值	今日累计充值|元宝，可领取	服务器繁忙，请稍候再领取！
2328	Recharge.cfg	2012|1|1	2017|11|1	1	0	2	0	300		56		10|7554|0|4	5|0|0|60000	10|4203|0|2	10|7552|0|1	10|6119|0|2		1	0		今日充值	今日充值	今日累计充值|元宝，可领取	服务器繁忙，请稍候再领取！
2329	Recharge.cfg	2012|1|1	2017|11|1	1	0	2	0	1000		56		5|0|0|100000	10|6109|0|6	10|4200|0|15	10|3513|0|1	10|4202|0|10	10|7553|0|1	1	0		今日充值	今日充值	今日累计充值|元宝，可领取	服务器繁忙，请稍候再领取！
2330	Recharge.cfg	2012|1|1	2017|11|1	1	0	2	0	2000		56		5|0|0|350000	10|6137|0|1	10|6109|0|10	10|4201|0|15	10|7553|0|2	10|3514|0|2	1	0		今日充值	今日充值	今日累计充值|元宝，可领取	服务器繁忙，请稍候再领取！
2331	Recharge.cfg	2012|1|1	2017|11|1	1	0	2	0	5000		56		5|0|0|600000	10|6109|0|20	10|4203|0|10	10|7553|0|3	10|3516|0|1		1	0		今日充值	今日充值	今日累计充值|元宝，可领取	服务器繁忙，请稍候再领取！
2332	Recharge.cfg	2012|1|1	2017|11|1	1	0	2	0	100		57		10|7554|0|2	5|0|0|20000	10|6109|0|4	10|6119|0|2			1	0		今日充值	今日充值	今日累计充值|元宝，可领取	服务器繁忙，请稍候再领取！
2333	Recharge.cfg	2012|1|1	2017|11|1	1	0	2	0	300		57		10|7554|0|4	5|0|0|60000	10|4203|0|2	10|7552|0|1	10|6119|0|2		1	0		今日充值	今日充值	今日累计充值|元宝，可领取	服务器繁忙，请稍候再领取！
2334	Recharge.cfg	2012|1|1	2017|11|1	1	0	2	0	1000		57		5|0|0|100000	10|6109|0|6	10|4200|0|15	10|3513|0|1	10|4202|0|10	10|7553|0|1	1	0		今日充值	今日充值	今日累计充值|元宝，可领取	服务器繁忙，请稍候再领取！
2335	Recharge.cfg	2012|1|1	2017|11|1	1	0	2	0	2000		57		5|0|0|350000	10|6137|0|1	10|6109|0|10	10|4201|0|15	10|7553|0|2	10|3514|0|2	1	0		今日充值	今日充值	今日累计充值|元宝，可领取	服务器繁忙，请稍候再领取！
2336	Recharge.cfg	2012|1|1	2017|11|1	1	0	2	0	5000		57		5|0|0|600000	10|6109|0|20	10|4203|0|10	10|7553|0|3	10|3516|0|1		1	0		今日充值	今日充值	今日累计充值|元宝，可领取	服务器繁忙，请稍候再领取！
2337	Recharge.cfg	2012|1|1	2017|11|1	1	0	2	0	100		58		10|7554|0|2	5|0|0|20000	10|6109|0|4	10|6119|0|2			1	0		今日充值	今日充值	今日累计充值|元宝，可领取	服务器繁忙，请稍候再领取！
2338	Recharge.cfg	2012|1|1	2017|11|1	1	0	2	0	300		58		10|7554|0|4	5|0|0|60000	10|4203|0|2	10|7552|0|1	10|6119|0|2		1	0		今日充值	今日充值	今日累计充值|元宝，可领取	服务器繁忙，请稍候再领取！
2339	Recharge.cfg	2012|1|1	2017|11|1	1	0	2	0	1000		58		5|0|0|100000	10|6109|0|6	10|4200|0|15	10|3513|0|1	10|4202|0|10	10|7553|0|1	1	0		今日充值	今日充值	今日累计充值|元宝，可领取	服务器繁忙，请稍候再领取！
2340	Recharge.cfg	2012|1|1	2017|11|1	1	0	2	0	2000		58		5|0|0|350000	10|6137|0|1	10|6109|0|10	10|4201|0|15	10|7553|0|2	10|3514|0|2	1	0		今日充值	今日充值	今日累计充值|元宝，可领取	服务器繁忙，请稍候再领取！
2341	Recharge.cfg	2012|1|1	2017|11|1	1	0	2	0	5000		58		5|0|0|600000	10|6109|0|20	10|4203|0|10	10|7553|0|3	10|3516|0|1		1	0		今日充值	今日充值	今日累计充值|元宝，可领取	服务器繁忙，请稍候再领取！
2342	Recharge.cfg	2012|1|1	2017|11|1	1	0	2	0	100		59		10|7554|0|2	5|0|0|20000	10|6109|0|4	10|6119|0|2			1	0		今日充值	今日充值	今日累计充值|元宝，可领取	服务器繁忙，请稍候再领取！
2343	Recharge.cfg	2012|1|1	2017|11|1	1	0	2	0	300		59		10|7554|0|4	5|0|0|60000	10|4203|0|2	10|7552|0|1	10|6119|0|2		1	0		今日充值	今日充值	今日累计充值|元宝，可领取	服务器繁忙，请稍候再领取！
2344	Recharge.cfg	2012|1|1	2017|11|1	1	0	2	0	1000		59		5|0|0|100000	10|6109|0|6	10|4200|0|15	10|3513|0|1	10|4202|0|10	10|7553|0|1	1	0		今日充值	今日充值	今日累计充值|元宝，可领取	服务器繁忙，请稍候再领取！
2345	Recharge.cfg	2012|1|1	2017|11|1	1	0	2	0	2000		59		5|0|0|350000	10|6137|0|1	10|6109|0|10	10|4201|0|15	10|7553|0|2	10|3514|0|2	1	0		今日充值	今日充值	今日累计充值|元宝，可领取	服务器繁忙，请稍候再领取！
2346	Recharge.cfg	2012|1|1	2017|11|1	1	0	2	0	5000		59		5|0|0|600000	10|6109|0|20	10|4203|0|10	10|7553|0|3	10|3516|0|1		1	0		今日充值	今日充值	今日累计充值|元宝，可领取	服务器繁忙，请稍候再领取！
2347	Recharge.cfg	2012|1|1	2017|11|1	1	0	2	0	100		60		10|7554|0|2	5|0|0|20000	10|6109|0|4	10|6119|0|2			1	0		今日充值	今日充值	今日累计充值|元宝，可领取	服务器繁忙，请稍候再领取！				
2348	Recharge.cfg	2012|1|1	2017|11|1	1	0	2	0	300		60		10|7554|0|4	5|0|0|60000	10|4203|0|2	10|7552|0|1	10|6119|0|2		1	0		今日充值	今日充值	今日累计充值|元宝，可领取	服务器繁忙，请稍候再领取！				
2349	Recharge.cfg	2012|1|1	2017|11|1	1	0	2	0	1000		60		5|0|0|100000	10|6109|0|6	10|4200|0|15	10|3513|0|1	10|4202|0|10	10|7553|0|1	1	0		今日充值	今日充值	今日累计充值|元宝，可领取	服务器繁忙，请稍候再领取！				
2350	Recharge.cfg	2012|1|1	2017|11|1	1	0	2	0	2000		60		5|0|0|350000	10|6137|0|1	10|6109|0|10	10|4201|0|15	10|7553|0|2	10|3514|0|2	1	0		今日充值	今日充值	今日累计充值|元宝，可领取	服务器繁忙，请稍候再领取！				
2351	Recharge.cfg	2012|1|1	2017|11|1	1	0	2	0	5000		60		5|0|0|600000	10|6109|0|20	10|4203|0|10	10|7553|0|3	10|3516|0|1		1	0		今日充值	今日充值	今日累计充值|元宝，可领取	服务器繁忙，请稍候再领取！				
2352	Recharge.cfg	2012|1|1	2017|11|1	1	0	2	0	100		61		10|7554|0|2	5|0|0|20000	10|6109|0|4	10|6119|0|2			1	0		今日充值	今日充值	今日累计充值|元宝，可领取	服务器繁忙，请稍候再领取！				
2353	Recharge.cfg	2012|1|1	2017|11|1	1	0	2	0	300		61		10|7554|0|4	5|0|0|60000	10|4203|0|2	10|7552|0|1	10|6119|0|2		1	0		今日充值	今日充值	今日累计充值|元宝，可领取	服务器繁忙，请稍候再领取！				
2354	Recharge.cfg	2012|1|1	2017|11|1	1	0	2	0	1000		61		5|0|0|100000	10|6109|0|6	10|4200|0|15	10|3513|0|1	10|4202|0|10	10|7553|0|1	1	0		今日充值	今日充值	今日累计充值|元宝，可领取	服务器繁忙，请稍候再领取！				
2355	Recharge.cfg	2012|1|1	2017|11|1	1	0	2	0	2000		61		5|0|0|350000	10|6137|0|1	10|6109|0|10	10|4201|0|15	10|7553|0|2	10|3514|0|2	1	0		今日充值	今日充值	今日累计充值|元宝，可领取	服务器繁忙，请稍候再领取！				
2356	Recharge.cfg	2012|1|1	2017|11|1	1	0	2	0	5000		61		5|0|0|600000	10|6109|0|20	10|4203|0|10	10|7553|0|3	10|3516|0|1		1	0		今日充值	今日充值	今日累计充值|元宝，可领取	服务器繁忙，请稍候再领取！				
2357	Recharge.cfg	2012|1|1	2017|11|1	1	0	2	0	100		62		10|7554|0|2	5|0|0|20000	10|6109|0|4	10|6119|0|2			1	0		今日充值	今日充值	今日累计充值|元宝，可领取	服务器繁忙，请稍候再领取！				
2358	Recharge.cfg	2012|1|1	2017|11|1	1	0	2	0	300		62		10|7554|0|4	5|0|0|60000	10|4203|0|2	10|7552|0|1	10|6119|0|2		1	0		今日充值	今日充值	今日累计充值|元宝，可领取	服务器繁忙，请稍候再领取！				
2359	Recharge.cfg	2012|1|1	2017|11|1	1	0	2	0	1000		62		5|0|0|100000	10|6109|0|6	10|4200|0|15	10|3513|0|1	10|4202|0|10	10|7553|0|1	1	0		今日充值	今日充值	今日累计充值|元宝，可领取	服务器繁忙，请稍候再领取！				
2360	Recharge.cfg	2012|1|1	2017|11|1	1	0	2	0	2000		62		5|0|0|350000	10|6137|0|1	10|6109|0|10	10|4201|0|15	10|7553|0|2	10|3514|0|2	1	0		今日充值	今日充值	今日累计充值|元宝，可领取	服务器繁忙，请稍候再领取！				
2361	Recharge.cfg	2012|1|1	2017|11|1	1	0	2	0	5000		62		5|0|0|600000	10|6109|0|20	10|4203|0|10	10|7553|0|3	10|3516|0|1		1	0		今日充值	今日充值	今日累计充值|元宝，可领取	服务器繁忙，请稍候再领取！				
10001		2012|1|1	2017|11|1	1	0	2	0	40	1	2|5		10|7700|0|1						10	0		限时特卖	限时特卖	限时特卖，只需 |元宝，总计可购买|次	服务器繁忙，请稍候再领取！				http://www.quegame.com/
10002		2012|1|1	2017|11|1	1	0	2	0	70	1	2|5		10|7701|0|1						10	0		限时特卖	限时特卖	限时特卖，只需 |元宝，总计可购买|次	服务器繁忙，请稍候再领取！				http://www.quegame.com/	
10003		2012|1|1	2017|11|1	1	0	2	0	120	1	2|5		10|7702|0|1						10	0		限时特卖	限时特卖	限时特卖，只需 |元宝，总计可购买|次	服务器繁忙，请稍候再领取！				http://www.quegame.com/	
10004	Recharge.cfg	2012|1|1	2017|11|1	1	0	0	0	50		1|4		10|6814|0|1	10|6815|0|1	10|6816|0|1	10|6817|0|1			20	0		自选礼包	自选礼包		服务器繁忙，请稍候再领取！				http://www.quegame.com/	http://www.quegame.com/
10005	Recharge.cfg	2012|1|1	2012|11|1	1	0	0	0	1000				300|100|100|100|100|100|200						1	0		小周卡	小周卡		服务器繁忙，请稍候再领取！					
10006	Recharge.cfg	2012|1|1	2012|1|1	1	0	0	0	1000				300|100|100|100|100|100|200						1	0		小周卡	小周卡		服务器繁忙，请稍候再领取！					
10007	LianXuChongZhi.cfg	2012|1|1	2012|1|1	1	0	2	0	2	2000			10|4200|0|1	10|4201|0|2	10|4202|0|5				1	0		连续充值豪礼	连续充值豪礼	活动时间，累积2天每日充值达到|元宝以上，累积|次，可领取	服务器繁忙，请稍候再领取！				http://www.quegame.com/	
10008	LianXuChongZhi.cfg	2012|1|1	2012|1|1	1	0	2	0	3	2000			10|4200|0|1	10|4201|0|2	10|4202|0|5	10|4203|0|10	10|4204|0|55	10|4205|0|99	1	0		连续充值豪礼	连续充值豪礼	活动时间，累积3天每日充值达到|元宝以上，累积|次，可领取	服务器繁忙，请稍候再领取！				http://www.quegame.com/	
10009	LianXuChongZhi.cfg	2012|1|1	2012|1|1	1	0	2	0	4	2000			10|4200|0|1	10|4201|0|2	10|4202|0|5	10|4203|0|10	10|4204|0|55	10|4205|0|99	1	0		连续充值豪礼	连续充值豪礼	活动时间，累积4天每日充值达到|元宝以上，累积|次，可领取	服务器繁忙，请稍候再领取！				http://www.quegame.com/	
10010	Recharge.cfg	2012|1|1	2012|1|1	1	0	0	0	100				10|7729|0|1	10|7521|0|1	10|7203|0|1	10|6071|0|25			1	0	1	每日十元	每日十元	藤甲兵助阵，以一敌百、万夫莫敌！	服务器繁忙，请稍候再领取！				http://www.quegame.com/	
10011	Recharge.cfg	2012|1|1	2012|1|1	1	0	0	0	100				10|7659|0|1	10|7521|0|1	10|7203|0|1	10|6071|0|25			1	0	1	每日十元	每日十元	陷阵营助阵，肆无忌惮、横扫战场！	服务器繁忙，请稍候再领取！				http://www.quegame.com/	
10012	Recharge.cfg	2012|1|1	2012|1|1	1	0	0	0	100				10|7729|0|1	10|7521|0|1	10|7203|0|1	10|6071|0|25			1	0	1	每日十元	每日十元	藤甲兵助阵，以一敌百、万夫莫敌！	服务器繁忙，请稍候再领取！				http://www.quegame.com/	
10013	Recharge.cfg	2012|1|1	2012|1|1	1	0	0	0	100				10|7659|0|1	10|7521|0|1	10|7203|0|1	10|6071|0|25			1	0	1	每日十元	每日十元	陷阵营助阵，肆无忌惮、横扫战场！	服务器繁忙，请稍候再领取！				http://www.quegame.com/	
10014	Recharge.cfg	2012|1|1	2012|11|1	1	0	0	0	1000				10|7642|0|1	10|7612|0|1	10|7760|0|1	10|7551|0|1			20	0		自选礼包	自选礼包		服务器繁忙，请稍候再领取！				http://www.quegame.com/	http://www.quegame.com/
10015	Recharge.cfg	2012|1|1	2017|11|1	1	0	0	0	100		16|27		10|7648|0|1	10|6778|0|2	10|7552|0|1	10|7521|0|1			1	0	1	每日十元	每日十元	丹阳兵助阵，肆无忌惮、横扫战场！	服务器繁忙，请稍候再领取！				http://www.quegame.com/	
10021		2012|1|1	2017|11|1	1	0	2	0	50	1	16|27		10|4200|0|1						150	0		限时特卖	限时特卖	限时特卖，只需 |元宝，总计可购买|次	服务器繁忙，请稍候再领取！				http://www.quegame.com/	
10022		2012|1|1	2017|11|1	1	0	2	0	50	1	16|27		10|4201|0|1						75	0		限时特卖	限时特卖	限时特卖，只需 |元宝，总计可购买|次	服务器繁忙，请稍候再领取！				http://www.quegame.com/	
10023		2012|1|1	2017|11|1	1	0	2	0	100	1	16|27		10|4202|0|1						50	0		限时特卖	限时特卖	限时特卖，只需 |元宝，总计可购买|次	服务器繁忙，请稍候再领取！				http://www.quegame.com/	
10024		2012|1|1	2017|11|1	1	0	2	0	200	1	16|27		10|4203|0|1						20	0		限时特卖	限时特卖	限时特卖，只需 |元宝，总计可购买|次	服务器繁忙，请稍候再领取！				http://www.quegame.com/	
10025		2012|1|1	2017|11|1	1	0	2	0	300	1	16|27		10|4204|0|1						35	0		限时特卖	限时特卖	限时特卖，只需 |元宝，总计可购买|次	服务器繁忙，请稍候再领取！				http://www.quegame.com/	
10026	Recharge.cfg	2012|1|1	2017|11|1	1	0	0	0	100		28|34		10|7648|0|1	10|6778|0|2	10|7552|0|1	10|7521|0|1			1	0	1	每日十元	每日十元	丹阳兵助阵，肆无忌惮、横扫战场！	服务器繁忙，请稍候再领取！				http://www.quegame.com/	
10027		2012|1|1	2017|11|1	1	0	2	0	50	1	28|34		10|4200|0|1						150	0		限时特卖	限时特卖	限时特卖，只需 |元宝，总计可购买|次	服务器繁忙，请稍候再领取！				http://www.quegame.com/	
10028		2012|1|1	2017|11|1	1	0	2	0	50	1	28|34		10|4201|0|1						75	0		限时特卖	限时特卖	限时特卖，只需 |元宝，总计可购买|次	服务器繁忙，请稍候再领取！				http://www.quegame.com/	
10029		2012|1|1	2017|11|1	1	0	2	0	100	1	28|34		10|4202|0|1						50	0		限时特卖	限时特卖	限时特卖，只需 |元宝，总计可购买|次	服务器繁忙，请稍候再领取！				http://www.quegame.com/	
10030		2012|1|1	2017|11|1	1	0	2	0	200	1	28|34		10|4203|0|1						20	0		限时特卖	限时特卖	限时特卖，只需 |元宝，总计可购买|次	服务器繁忙，请稍候再领取！				http://www.quegame.com/	
10031		2012|1|1	2017|11|1	1	0	2	0	300	1	28|34		10|4204|0|1						35	0		限时特卖	限时特卖	限时特卖，只需 |元宝，总计可购买|次	服务器繁忙，请稍候再领取！				http://www.quegame.com/	
10032	Recharge.cfg	2012|1|1	2017|11|1	1	0	0	0	100		35|41		10|7728|0|1	10|6778|0|2	10|7552|0|1	10|7521|0|1			1	0	1	每日十元	每日十元	藤甲兵助阵，肆无忌惮、横扫战场！	服务器繁忙，请稍候再领取！				http://www.quegame.com/	
10033	Recharge.cfg	2012|1|1	2017|11|1	1	0	0	0	100		42|48		10|7728|0|1	10|6778|0|5	10|7552|0|1	10|7521|0|1			1	0	1	每日十元	每日十元	藤甲兵助阵，肆无忌惮、横扫战场！	服务器繁忙，请稍候再领取！				http://www.quegame.com/	
10034	Recharge.cfg	2012|1|1	2017|11|1	1	0	0	0	100		49|55		10|7728|0|1	10|6778|0|5	10|7552|0|1	10|7521|0|1			1	0	1	每日十元	每日十元	藤甲兵助阵，肆无忌惮、横扫战场！	服务器繁忙，请稍候再领取！				http://www.quegame.com/	
10035	Recharge.cfg	2012|1|1	2017|11|1	1	0	0	0	100		56|62		10|7728|0|1	10|6778|0|5	10|7552|0|1	10|7521|0|1			1	0	1	每日十元	每日十元	藤甲兵助阵，肆无忌惮、横扫战场！	服务器繁忙，请稍候再领取！				http://www.quegame.com/	
20000	GongChengLueDi.cfg	2012|1|1	2017|11|1	1	0	1	0	5		1		7636|0|1	7607|0|1	7554|0|1	6817|0|1			1	0		攻城掠地	国战任务	开服首日，玩家参与国战次数达到5次，特奖励新服国战大礼一份	领取条件不满足！				http://www.quegame.com/	http://www.quegame.com/
20001	GongChengLueDi.cfg	2012|1|1	2017|11|1	1	0	1	0	30		1|3		6778|0|5	6051|0|1	6142|0|1	6817|0|3			1	0		攻城掠地	国战任务	截止开服第三日，参与国战次数累计达到30次，可额外领取超值大礼一份	领取条件不满足！				http://www.quegame.com/	http://www.quegame.com/
20002	LevelNotLessInServerDay.cfg	2012|1|1	2017|11|1	1	0	1	0	40	11	11		7554|0|2	6778|0|1	7549|0|2				1	0		冲级目标	今日冲级奖励	截止今日24时，角色等级达到40级即可获得冲级大礼!	角色等级尚未达到要求！					
20003	LevelNotLessInServerDay.cfg	2012|1|1	2017|11|1	1	0	1	0	46	11	11		6778|0|3	7551|0|1	7647|0|1				1	0		冲级目标	今日冲级奖励	截止今日24时，角色等级达到46级即可获得冲级大礼!	角色等级尚未达到要求！					
20004	LevelNotLessInServerDay.cfg	2012|1|1	2017|11|1	1	0	1	0	52	11	11		6778|0|5	7552|0|1	7652|0|2				1	0		冲级目标	今日冲级奖励	截止今日24时，角色等级达到52级即可获得冲级大礼!	角色等级尚未达到要求！					
20005	MingJiangZhiLu.cfg	2012|1|1	2012|1|1	1	0	1	0	20				6767|0|1						1	0		名将之路	名将之路	开服7日内，主公在通关名将之路次数达到20次，可在此处领取新服7日练兵大礼。	领取条件不满足！				http://www.quegame.com/	http://www.quegame.com/
20006	XueZhanShaChang.cfg	2012|1|1	2012|1|1	1	0	1	0	380000				6765|0|1						1	0		血战沙场	血战沙场	庆开服，主公参与国战杀死敌军数量达到38万，可在此处领取新服练兵大礼。	领取条件不满足！				http://www.quegame.com/	http://www.quegame.com/
20007	ShiSiRuGui.cfg	2012|1|1	2012|1|1	1	0	1	0	480000				6766|0|1						1	0		视死如归	视死如归	庆开服，主公参与国战被击杀数量达到48万，可在此处领取新服练兵大礼。	领取条件不满足！				http://www.quegame.com/	http://www.quegame.com/
20008	MingJiangZhiLu.cfg	2012|1|1	2012|1|1	1	0	1	0	20				6767|0|1						1	0		名将之路	名将之路	庆开服，主公在通关名将之路次数达到20次（领奖一次，计数加1），可在此处领取练兵大礼。	领取条件不满足！				http://www.quegame.com/	http://www.quegame.com/
20009	GovPosNotLess.cfg 	2012|1|1	2012|1|1	1	0	1	0	2				7601|0|1						1	0		提升官职至门下督	限时俸禄	"玩家在游戏内官职达到门下督,便可获得2级弓箭兵符助阵征战天下！"	官职等级尚未达到要求，请参与国战来提升官职！					
20010	GovPosNotLess.cfg 	2012|1|1	2012|1|1	1	0	1	0	3				7631|0|1						1	0		提升官职至武卫校尉	限时俸禄	"玩家在游戏内官职达到武卫校尉,便可获得2级长戟兵符助阵征战天下！"	官职等级尚未达到要求，请参与国战来提升官职！					
20011	LevelNotLessInServerDay.cfg	2012|1|1	2017|11|1	1	0	1	0	57	11	11		6778|0|8	7551|0|3	7698|0|2				1	0		冲级目标	今日冲级奖励	截止今日24时，角色等级达到57级即可获得冲级大礼!	角色等级尚未达到要求！					
20012	LevelNotLessInServerDay.cfg	2012|1|1	2017|11|1	1	0	1	0	50	55	55		6049|0|1	6813|0|5	7203|0|1	6109|0|2			1	0		冲级目标	今日冲级奖励	截止今日24时，角色等级达到50级即可获得冲级大礼!	角色等级尚未达到要求！					
20013	LevelNotLessInServerDay.cfg	2012|1|1	2017|11|1	1	0	1	0	55	55	55		6049|0|1	6813|0|10	7203|0|2	6109|0|4			1	0		冲级目标	今日冲级奖励	截止今日24时，角色等级达到55级即可获得冲级大礼!	角色等级尚未达到要求！					
20014	LevelNotLessInServerDay.cfg	2012|1|1	2017|11|1	1	0	1	0	60	55	55		6049|0|1	6813|0|20	7203|0|3	6109|0|6			1	0		冲级目标	今日冲级奖励	截止今日24时，角色等级达到60级即可获得冲级大礼!	角色等级尚未达到要求！					
20015	LevelNotLessInServerDay.cfg	2012|1|1	2017|11|1	1	0	1	0	65	55	55		6049|0|1	6813|0|20	7203|0|4	6109|0|6			1	0		冲级目标	今日冲级奖励	截止今日24时，角色等级达到65级即可获得冲级大礼!	角色等级尚未达到要求！					
20016	LevelNotLessInServerDay.cfg	2012|1|1	2017|11|1	1	0	1	0	73	55	55		6050|0|1	6813|0|30	7203|0|5	6109|0|10			1	0		冲级目标	今日冲级奖励	截止今日24时，角色等级达到73级即可获得冲级大礼!	角色等级尚未达到要求！					
20017	LevelNotLessInServerDay.cfg	2012|1|1	2017|11|1	1	0	1	0	80	55	55		6051|0|1	6813|0|50	7203|0|10	6109|0|20			1	0		冲级目标	今日冲级奖励	截止今日24时，角色等级达到80级即可获得冲级大礼!	角色等级尚未达到要求！					
20018	MingJiangZhiLu.cfg	2012|1|1	2017|11|1	1	0	1	0	10		49		6049|0|1	6813|0|10	7203|0|1				1	0		名将之路	名将之路	主公在通关名将之路次数达到10次，可在此处领取练兵大礼。	领取条件不满足！				http://www.quegame.com/	http://www.quegame.com/
20019	MingJiangZhiLu.cfg	2012|1|1	2012|11|1	1	0	1	0	20				6049|0|2	6813|0|20	7203|0|2				1	0		名将之路	名将之路	主公在通关名将之路次数达到10次，可在此处领取练兵大礼。	领取条件不满足！				http://www.quegame.com/	http://www.quegame.com/
20020	MingJiangZhiLu.cfg	2012|1|1	2017|11|1	1	0	1	0	10		50		6049|0|1	6813|0|10	7203|0|1				1	0		名将之路	名将之路	主公在通关名将之路次数达到10次，可在此处领取练兵大礼。	领取条件不满足！				http://www.quegame.com/	http://www.quegame.com/
20021	MingJiangZhiLu.cfg	2012|1|1	2017|11|1	1	0	1	0	10		51		6049|0|1	6813|0|10	7203|0|1				1	0		名将之路	名将之路	主公在通关名将之路次数达到10次，可在此处领取练兵大礼。	领取条件不满足！				http://www.quegame.com/	http://www.quegame.com/
20022	MingJiangZhiLu.cfg	2012|1|1	2017|11|1	1	0	1	0	10		52		6049|0|1	6813|0|10	7203|0|1				1	0		名将之路	名将之路	主公在通关名将之路次数达到10次，可在此处领取练兵大礼。	领取条件不满足！				http://www.quegame.com/	http://www.quegame.com/
20023	MingJiangZhiLu.cfg	2012|1|1	2017|11|1	1	0	1	0	10		53		6049|0|1	6813|0|10	7203|0|1				1	0		名将之路	名将之路	主公在通关名将之路次数达到10次，可在此处领取练兵大礼。	领取条件不满足！				http://www.quegame.com/	http://www.quegame.com/
20024	MingJiangZhiLu.cfg	2012|1|1	2017|11|1	1	0	1	0	10		54		6049|0|1	6813|0|10	7203|0|1				1	0		名将之路	名将之路	主公在通关名将之路次数达到10次，可在此处领取练兵大礼。	领取条件不满足！				http://www.quegame.com/	http://www.quegame.com/
20025	MingJiangZhiLu.cfg	2012|1|1	2017|11|1	1	0	1	0	10		55		6049|0|1	6813|0|10	7203|0|1				1	0		名将之路	名将之路	主公在通关名将之路次数达到10次，可在此处领取练兵大礼。	领取条件不满足！				http://www.quegame.com/	http://www.quegame.com/
20026	GongChengLueDi.cfg	2012|1|1	2017|11|1	1	0	1	0	30		56|62		6813|0|10	6049|0|1	7203|0|1				1	0		攻城掠地	国战任务	参与国战次数累计达到30次，可额外领取超值大礼一份	领取条件不满足！				http://www.quegame.com/	http://www.quegame.com/
20027	GongChengLueDi.cfg	2012|1|1	2017|11|1	1	0	1	0	50		56|62		6813|0|20	6050|0|1	7203|0|2				1	0		攻城掠地	国战任务	参与国战次数累计达到50次，可额外领取超值大礼一份	领取条件不满足！				http://www.quegame.com/	http://www.quegame.com/
10015		2012|1|1	2017|11|1	1	0	2	0	150	1	2|5		10|7703|0|1						10	0		限时特卖	限时特卖	限时特卖，只需 |元宝，总计可购买|次	服务器繁忙，请稍候再领取！				http://www.quegame.com/	
10016		2012|1|1	2017|11|1	1	0	2	0	120	1	2|5		10|7705|0|1						10	0		限时特卖	限时特卖	限时特卖，只需 |元宝，总计可购买|次	服务器繁忙，请稍候再领取！				http://www.quegame.com/	
10017		2012|1|1	2017|11|1	1	0	2	0	240	1	2|5		10|7706|0|1						10	0		限时特卖	限时特卖	限时特卖，只需 |元宝，总计可购买|次	服务器繁忙，请稍候再领取！				http://www.quegame.com/	
10018		2012|1|1	2017|11|1	1	0	2	0	400	1	2|5		10|7707|0|1						10	0		限时特卖	限时特卖	限时特卖，只需 |元宝，总计可购买|次	服务器繁忙，请稍候再领取！				http://www.quegame.com/	
10019		2012|1|1	2017|11|1	1	0	2	0	500	1	2|5		10|7708|0|1						10	0		限时特卖	限时特卖	限时特卖，只需 |元宝，总计可购买|次	服务器繁忙，请稍候再领取！				http://www.quegame.com/	
29981		2012|1|1	2012|1|1	1	0	1	0	-1				6750|0|1						1	0	1	VIP每日礼包	VIP每日礼包	每日可领取一次。打开可获得礼金、铜币和八卦石宝箱。VIP等级达到4、7、11级时奖励更加丰富。	领取条件不满足！				http://www.quegame.com/	http://www.quegame.com/
29982		2012|1|1	2012|1|1	1	0	1	0	-1				6751|0|1						1	0	7	VIP每周礼包	VIP每周礼包	每周可领取一次。打开可获得礼金、铜币和八卦石宝箱。VIP等级达到4、7、11级时奖励更加丰富。	领取条件不满足！				http://www.quegame.com/	http://www.quegame.com/
29983	SingleRechargeNotLess.cfg	2012|1|1	2012|1|1	1	0	1	0	5000				6143|0|1						1	0		500元礼包	500元礼包	活动期间单笔充值达到500元以上，可以获得大量奖励	领取条件不满足，请前往充值！				http://www.quegame.com/	http://www.quegame.com/
29984	SingleRechargeNotLess.cfg	2012|1|1	2012|1|1	1	0	1	0	10000				6143|0|5						1	0		1000元礼包	1000元礼包	活动期间单笔充值达到1000元以上，可以获得大量奖励	领取条件不满足，请前往充值！				http://www.quegame.com/	http://www.quegame.com/
29985	VipLevelNotLess.cfg	2012|1|1	2012|1|1	0	0	0	0	1				6785|0|1						1	0		充值返利--vip1	VIP限时返利	开服1个月内，所有VIP玩家可额外领取累计达到当前VIP充值额度10%的礼金返还，每个玩家只可领取一次。	"您目前vip等级不到vip1级,未达到领取要求."					
29986	VipLevelNotLess.cfg	2012|1|1	2012|1|1	0	0	0	0	2			29985	6786|0|1						1	0		充值返利--vip2	VIP限时返利	开服1个月内，所有VIP玩家可额外领取累计达到当前VIP充值额度10%的礼金返还，每个玩家只可领取一次。	"您目前vip等级不到vip2级,未达到领取要求."					
29987	VipLevelNotLess.cfg	2012|1|1	2012|1|1	0	0	0	0	3			29986	6787|0|1						1	0		充值返利--vip3	VIP限时返利	开服1个月内，所有VIP玩家可额外领取累计达到当前VIP充值额度10%的礼金返还，每个玩家只可领取一次。	"您目前vip等级不到vip3级,未达到领取要求."					
29988	VipLevelNotLess.cfg	2012|1|1	2012|1|1	0	0	0	0	4			29987	6788|0|1						1	0		充值返利--vip4	VIP限时返利	开服1个月内，所有VIP玩家可额外领取累计达到当前VIP充值额度10%的礼金返还，每个玩家只可领取一次。	"您目前vip等级不到vip4级,未达到领取要求."					
29989	VipLevelNotLess.cfg	2012|1|1	2012|1|1	0	0	0	0	5			29988	6789|0|1						1	0		充值返利--vip5	VIP限时返利	开服1个月内，所有VIP玩家可额外领取累计达到当前VIP充值额度10%的礼金返还，每个玩家只可领取一次。	"您目前vip等级不到vip5级,未达到领取要求."					
29990	VipLevelNotLess.cfg	2012|1|1	2012|1|1	0	0	0	0	6			29989	6790|0|1						1	0		充值返利--vip6	VIP限时返利	开服1个月内，所有VIP玩家可额外领取累计达到当前VIP充值额度10%的礼金返还，每个玩家只可领取一次。	"您目前vip等级不到vip6级,未达到领取要求."					
29991	VipLevelNotLess.cfg	2012|1|1	2012|1|1	0	0	0	0	7			29990	6791|0|1						1	0		充值返利--vip7	VIP限时返利	开服1个月内，所有VIP玩家可额外领取累计达到当前VIP充值额度10%的礼金返还，每个玩家只可领取一次。	"您目前vip等级不到vip7级,未达到领取要求."					
29992	VipLevelNotLess.cfg	2012|1|1	2012|1|1	0	0	0	0	8			29991	6792|0|1						1	0		充值返利--vip8	VIP限时返利	开服1个月内，所有VIP玩家可额外领取累计达到当前VIP充值额度10%的礼金返还，每个玩家只可领取一次。	"您目前vip等级不到vip8级,未达到领取要求."					
29993	VipLevelNotLess.cfg	2012|1|1	2012|1|1	0	0	0	0	9			29992	6793|0|1						1	0		充值返利--vip9	VIP限时返利	开服1个月内，所有VIP玩家可额外领取累计达到当前VIP充值额度10%的礼金返还，每个玩家只可领取一次。	"您目前vip等级不到vip9级,未达到领取要求."					
29994	VipLevelNotLess.cfg	2012|1|1	2012|1|1	0	0	0	0	10			29993	6794|0|1						1	0		充值返利--vip10	VIP限时返利	开服1个月内，所有VIP玩家可额外领取累计达到当前VIP充值额度10%的礼金返还，每个玩家只可领取一次。	"您目前vip等级不到vip10级,未达到领取要求."					
29995	VipLevelNotLess.cfg	2012|1|1	2012|1|1	0	0	0	0	11			29994	6795|0|1						1	0		充值返利--vip11	VIP限时返利	开服1个月内，所有VIP玩家可额外领取累计达到当前VIP充值额度10%的礼金返还，每个玩家只可领取一次。	"您目前vip等级不到vip11级,未达到领取要求."					
29996	VipLevelNotLess.cfg	2012|1|1	2012|1|1	0	0	0	0	12			29995	6796|0|1						1	0		充值返利--vip12	VIP限时返利	开服1个月内，所有VIP玩家可额外领取累计达到当前VIP充值额度10%的礼金返还，每个玩家只可领取一次。	"您目前vip等级不到vip12级,未达到领取要求."					
29997	VipLevelNotLess.cfg	2012|1|1	2012|1|1	0	0	0	0	13			29996	6797|0|1						1	0		充值返利--vip13	VIP限时返利	开服1个月内，所有VIP玩家可额外领取累计达到当前VIP充值额度10%的礼金返还，每个玩家只可领取一次。	"您目前vip等级不到vip13级,未达到领取要求."					
29998	VipLevelNotLess.cfg	2012|1|1	2012|1|1	0	0	0	0	14			29997	6798|0|1						1	0		充值返利--vip14	VIP限时返利	开服1个月内，所有VIP玩家可额外领取累计达到当前VIP充值额度10%的礼金返还，每个玩家只可领取一次。	"您目前vip等级不到vip14级,未达到领取要求."					
29999	VipLevelNotLess.cfg	2012|1|1	2012|1|1	0	0	0	0	15			29998	6799|0|1						1	0		充值返利--vip15	VIP限时返利	开服1个月内，所有VIP玩家可额外领取累计达到当前VIP充值额度10%的礼金返还，每个玩家只可领取一次。	"您目前vip等级不到vip15级,未达到领取要求."
