instanceid	名字	x	y	x	y	x	y	x	y	x	y	x	y	x	y	x	y	x	y	x	y	x	y	x	y	x	y	x	y	x	y	x	y	x	y	x	y
20010	标枪兵1	4865	-9041	5747	-7021																																
20011	标枪兵2	3915	-8856	4611	-7011																																
10108	吴国资源车	-22931	22254	-23207	20685	-17036	16856	-10852	12662	-5562	10195	-1680	6090	2300	297	5719	-6232	7252	-12737	8659	-17835	6743	-23183														
10109	魏国资源车	-17432	-23189	-12234	-23859	-14556	-17322	-15108	-11155	-12550	-8276	-7739	-5310	-3623	-335	-1680	6090	749	11398	2484	16971	2257	22834														
10110	蜀国资源车	23172	3225	22991	256	13573	2346	5906	4384	-1680	6090	-8509	7433	-14394	6678	-18833	6316	-23931	5096	-21486	-834	-19678	-8773														
157060	百姓	-4919	16831	-6703	13109	-6904	8259	-3762	156	8432	-195																										
157070	百姓	-4819	16931	-6803	13209	-6804	8359	-3662	256	8532	-295																										
157080	百姓	-4919	16931	-6903	13109	-6904	8459	-3562	156	8632	-195																										
162080	太史慈	-3342	-7319	1132	-7176	1468	-3667	2925	-291																												
204921	张任	-8111	4445	-8089	3968	-8233	1290	-8192	-1867	-7967	-4171																										
204922	张任部	-7856	4613	-8089	3968	-8233	1290	-8192	-1867	-7967	-4171																										
204923	张任部	-8389	4639	-8089	3968	-8233	1290	-8192	-1867	-7967	-4171																										
205010	严颜	-79	-1475	-5332	-1431	-6779	-7459	542	-8328																												
205322	马超	1711	4147	-3663	-2563	-4462	-6567	-10350	-10137																												
205611	朱褒	1517	8958	5128	9041	7822	6567	9626	5332	11553	6425																										
190010	吕蒙军	10264	-10549	1073	-10349	-3227	-6628	7000	-2399	6786	4006																										
190011	吕蒙军	10264	-10549	1073	-10349	-3227	-6628	7000	-2399	6786	4006																										
190012	吕蒙军	10264	-10549	1073	-10349	-3227	-6628	7000	-2399	6786	4006																										
190020	陆逊	1073	-10349	-3227	-6628	7000	-2399	6786	4006																												
190021	陆逊军	1073	-10349	-3227	-6628	7000	-2399	6786	4006																												
190022	陆逊军	1073	-10349	-3227	-6628	7000	-2399	6786	4006																												
190030	徐晃	-3227	-6628	7000	-2399	6786	4006																														
190031	曹军追兵	-3227	-6628	7000	-2399	6786	4006																														
190032	曹军追兵	-3227	-6628	7000	-2399	6786	4006																														
190040	曹仁	7000	-2399	6786	4006																																
190041	曹军追兵	7000	-2399	6786	4006																																
190042	曹军追兵	7000	-2399	6786	4006																																
207501	马谡	7606	-6349	2556	3256	-1991	6813	-5968	6560	-5727	800	-6940	-6450																								
207402	投石车	-13145	2638	-4247	2362																																
207403	投石车	-13173	1406	-4375	1284																																
600006	弩兵	11579	-3324	9568	-1782	5552	-2520	3259	-1009	849	255	-1520	476	-3670	544	-7222	1804	-10129	1048																		
600007	弩兵	11579	-3324	9568	-1782	5552	-2520	3259	-1009	849	255	-1520	476	-3670	544	-7222	1804	-10129	1048																		
600008	虎卫营	11579	-3324	9568	-1782	5552	-2520	3259	-1009	849	255	-1520	476	-3670	544	-7222	1804	-10129	1048																		
600009	虎卫营	11579	-3324	9568	-1782	5552	-2520	3259	-1009	849	255	-1520	476	-3670	544	-7222	1804	-10129	1048																		
600010	黑山弩兵	-11466	444	-7222	1804	-3670	544	-1520	476	849	255	3259	-1009	5552	-2520	9568	-1782	10522	-2610																		
600011	黑山弩兵	-11466	444	-7222	1804	-3670	544	-1520	476	849	255	3259	-1009	5552	-2520	9568	-1782	10522	-2610																		
600012	黑山步兵	-11466	444	-7222	1804	-3670	544	-1520	476	849	255	3259	-1009	5552	-2520	9568	-1782	10522	-2610																		
600013	黑山步兵	-11466	444	-7222	1804	-3670	544	-1520	476	849	255	3259	-1009	5552	-2520	9568	-1782	10522	-2610																		
600014	关羽	11579	-3324	9568	-1782	5552	-2520	3259	-1009	849	255	-1520	476	-3670	544	-7222	1804	-10129	1048																		
600015	华雄	-11466	444	-7222	1804	-3670	544	-1520	476	849	255	3259	-1009	5552	-2520	9568	-1782	10522	-2610																		
600016	张飞	11579	-3324	9568	-1782	5552	-2520	3259	-1009	849	255	-1520	476	-3670	544	-7222	1804	-10129	1048																		
600017	吕布	-11466	444	-7222	1804	-3670	544	-1520	476	849	255	3259	-1009	5552	-2520	9568	-1782	10522	-2610																		
606001	东瀛喽喽	-4597	-11504	-1965	-7092	-1235	-4026	-1181	-750	-1187	1968	-768	4953																								
606002	东瀛先锋	-4597	-11504	-1965	-7092	-1235	-4026	-1181	-750	-1187	1968	-768	4953																								
606003	东瀛游侠	-4597	-11504	-1965	-7092	-1235	-4026	-1181	-750	-1187	1968	-768	4953																								
606004	东瀛武士	-4597	-11504	-1965	-7092	-1235	-4026	-1181	-750	-1187	1968	-768	4953																								
606005	东瀛将军	-4597	-11504	-1965	-7092	-1235	-4026	-1181	-750	-1187	1968	-768	4953																								
606006	东瀛喽喽	-4597	-11504	-2065	-7092	-1335	-4026	-1281	-750	-1287	1968	-768	4953																								
606007	东瀛先锋	-4597	-11504	-2065	-7092	-1335	-4026	-1281	-750	-1287	1968	-768	4953																								
606008	东瀛游侠	-4597	-11504	-2065	-7092	-1335	-4026	-1281	-750	-1287	1968	-768	4953																								
606009	东瀛武士	-4597	-11504	-2065	-7092	-1335	-4026	-1281	-750	-1287	1968	-768	4953																								
606010	东瀛将军	-4597	-11504	-2065	-7092	-1335	-4026	-1281	-750	-1287	1968	-768	4953																								
606011	东瀛喽喽	-4597	-11504	-2165	-7092	-1435	-4026	-1381	-750	-1387	1968	-768	4953																								
606012	东瀛先锋	-4597	-11504	-2165	-7092	-1435	-4026	-1381	-750	-1387	1968	-768	4953																								
606013	东瀛游侠	-4597	-11504	-2165	-7092	-1435	-4026	-1381	-750	-1387	1968	-768	4953																								
606014	东瀛武士	-4597	-11504	-2165	-7092	-1435	-4026	-1381	-750	-1387	1968	-768	4953																								
606015	东瀛将军	-4597	-11504	-2165	-7092	-1435	-4026	-1381	-750	-1387	1968	-768	4953																								
606016	东瀛喽喽	-4597	-11504	-2265	-7092	-1535	-4026	-1481	-750	-1487	1968	-768	4953																								
606017	东瀛先锋	-4597	-11504	-2265	-7092	-1535	-4026	-1481	-750	-1487	1968	-768	4953																								
606018	东瀛游侠	-4597	-11504	-2265	-7092	-1535	-4026	-1481	-750	-1487	1968	-768	4953																								
606019	东瀛武士	-4597	-11504	-2265	-7092	-1535	-4026	-1481	-750	-1487	1968	-768	4953																								
606020	东瀛将军	-4597	-11504	-2265	-7092	-1535	-4026	-1481	-750	-1487	1968	-768	4953																								
606021	东瀛喽喽	-899	-11339	-2465	-7092	-835	-4026	-781	-750	-787	1968	-768	4953																								
606022	东瀛先锋	-899	-11339	-2465	-7092	-835	-4026	-781	-750	-787	1968	-768	4953																								
606023	东瀛游侠	-899	-11339	-2465	-7092	-835	-4026	-781	-750	-787	1968	-768	4953																								
606024	东瀛武士	-899	-11339	-2465	-7092	-835	-4026	-781	-750	-787	1968	-768	4953																								
606025	东瀛将军	-899	-11339	-2465	-7092	-835	-4026	-781	-750	-787	1968	-768	4953																								
606026	东瀛喽喽	-899	-11339	-2565	-7092	-935	-4026	-881	-750	-887	1968	-768	4953																								
606027	东瀛先锋	-899	-11339	-2565	-7092	-935	-4026	-881	-750	-887	1968	-768	4953																								
606028	东瀛游侠	-899	-11339	-2565	-7092	-935	-4026	-881	-750	-887	1968	-768	4953																								
606029	东瀛武士	-899	-11339	-2565	-7092	-935	-4026	-881	-750	-887	1968	-768	4953																								
606030	东瀛将军	-899	-11339	-2565	-7092	-935	-4026	-881	-750	-887	1968	-768	4953																								
606031	东瀛喽喽	-899	-11339	-2665	-7092	-1035	-4026	-981	-750	-987	1968	-768	4953																								
606032	东瀛先锋	-899	-11339	-2665	-7092	-1035	-4026	-981	-750	-987	1968	-768	4953																								
606033	东瀛游侠	-899	-11339	-2665	-7092	-1035	-4026	-981	-750	-987	1968	-768	4953																								
606034	东瀛武士	-899	-11339	-2665	-7092	-1035	-4026	-981	-750	-987	1968	-768	4953																								
606035	东瀛将军	-899	-11339	-2665	-7092	-1035	-4026	-981	-750	-987	1968	-768	4953																								
606036	东瀛喽喽	-899	-11339	-2765	-7092	-1135	-4026	-1081	-750	-1087	1968	-768	4953																								
606037	东瀛先锋	-899	-11339	-2765	-7092	-1135	-4026	-1081	-750	-1087	1968	-768	4953																								
606038	东瀛游侠	-899	-11339	-2765	-7092	-1135	-4026	-1081	-750	-1087	1968	-768	4953																								
606039	东瀛武士	-899	-11339	-2765	-7092	-1135	-4026	-1081	-750	-1087	1968	-768	4953																								
606040	东瀛将军	-899	-11339	-2765	-7092	-1135	-4026	-1081	-750	-1087	1968	-768	4953																								
606041	东瀛喽喽	10407	3996	7102	3356	3746	2843	874	2838	-768	4953																										
606042	东瀛先锋	10407	3996	7102	3356	3746	2843	874	2838	-768	4953																										
606043	东瀛游侠	10407	3996	7102	3356	3746	2843	874	2838	-768	4953																										
606044	东瀛武士	10407	3996	7102	3356	3746	2843	874	2838	-768	4953																										
606045	东瀛将军	10407	3996	7102	3356	3746	2843	874	2838	-768	4953																										
606046	东瀛喽喽	10407	3996	7202	3356	3846	2843	974	2838	-768	4953																										
606047	东瀛先锋	10407	3996	7202	3356	3846	2843	974	2838	-768	4953																										
606048	东瀛游侠	10407	3996	7202	3356	3846	2843	974	2838	-768	4953																										
606049	东瀛武士	10407	3996	7202	3356	3846	2843	974	2838	-768	4953																										
606050	东瀛将军	10407	3996	7202	3356	3846	2843	974	2838	-768	4953																										
606051	东瀛喽喽	10407	3996	7302	3356	3946	2843	1074	2838	-768	4953																										
606052	东瀛先锋	10407	3996	7302	3356	3946	2843	1074	2838	-768	4953																										
606053	东瀛游侠	10407	3996	7302	3356	3946	2843	1074	2838	-768	4953																										
606054	东瀛武士	10407	3996	7302	3356	3946	2843	1074	2838	-768	4953																										
606055	东瀛将军	10407	3996	7302	3356	3946	2843	1074	2838	-768	4953																										
606056	东瀛喽喽	10407	3996	7402	3356	4046	2843	1174	2838	-768	4953																										
606057	东瀛先锋	10407	3996	7402	3356	4046	2843	1174	2838	-768	4953																										
606058	东瀛游侠	10407	3996	7402	3356	4046	2843	1174	2838	-768	4953																										
606059	东瀛武士	10407	3996	7402	3356	4046	2843	1174	2838	-768	4953																										
606060	东瀛将军	10407	3996	7402	3356	4046	2843	1174	2838	-768	4953																										
606061	东瀛喽喽	-10843	151	-9679	751	-6955	2086	-4443	2851	-2200	2852	-768	4953																								
606062	东瀛先锋	-10843	151	-9679	751	-6955	2086	-4443	2851	-2200	2852	-768	4953																								
606063	东瀛游侠	-10843	151	-9679	751	-6955	2086	-4443	2851	-2200	2852	-768	4953																								
606064	东瀛武士	-10843	151	-9679	751	-6955	2086	-4443	2851	-2200	2852	-768	4953																								
606065	东瀛将军	-10843	151	-9679	751	-6955	2086	-4443	2851	-2200	2852	-768	4953																								
606066	东瀛喽喽	-10843	151	-9779	751	-7055	2086	-4543	2851	-2300	2852	-768	4953																								
606067	东瀛先锋	-10843	151	-9779	751	-7055	2086	-4543	2851	-2300	2852	-768	4953																								
606068	东瀛游侠	-10843	151	-9779	751	-7055	2086	-4543	2851	-2300	2852	-768	4953																								
606069	东瀛武士	-10843	151	-9779	751	-7055	2086	-4543	2851	-2300	2852	-768	4953																								
606070	东瀛将军	-10843	151	-9779	751	-7055	2086	-4543	2851	-2300	2852	-768	4953																								
606071	东瀛喽喽	-10843	151	-9879	751	-7155	2086	-4643	2851	-2400	2852	-768	4953																								
606072	东瀛先锋	-10843	151	-9879	751	-7155	2086	-4643	2851	-2400	2852	-768	4953																								
606073	东瀛游侠	-10843	151	-9879	751	-7155	2086	-4643	2851	-2400	2852	-768	4953																								
606074	东瀛武士	-10843	151	-9879	751	-7155	2086	-4643	2851	-2400	2852	-768	4953																								
606075	东瀛将军	-10843	151	-9879	751	-7155	2086	-4643	2851	-2400	2852	-768	4953																								
606076	东瀛喽喽	-10843	151	-9979	751	-7255	2086	-4743	2851	-2500	2852	-768	4953																								
606077	东瀛先锋	-10843	151	-9979	751	-7255	2086	-4743	2851	-2500	2852	-768	4953																								
606078	东瀛游侠	-10843	151	-9979	751	-7255	2086	-4743	2851	-2500	2852	-768	4953																								
606079	东瀛武士	-10843	151	-9979	751	-7255	2086	-4743	2851	-2500	2852	-768	4953																								
606080	东瀛大将军	-10843	151	-9979	751	-7255	2086	-4743	2851	-2500	2852	-768	4953																								
606416	初级宝箱怪	-4597	-11504	-1965	-7092	-1235	-4026	-1181	-750	-1187	1968	-768	4953																								
606417	初级宝箱怪	-899	-11339	-2465	-7092	-835	-4026	-781	-750	-787	1968	-768	4953																								
606418	初级宝箱怪	10407	3996	7102	3356	3746	2843	874	2838	-768	4953																										
606419	初级宝箱怪	-10843	151	-9979	751	-7255	2086	-4743	2851	-2500	2852	-768	4953																								
606420	初级宝箱怪	-4597	-11504	-1965	-7092	-1235	-4026	-1181	-750	-1187	1968	-768	4953																								
606421	初级宝箱怪	-899	-11339	-2465	-7092	-835	-4026	-781	-750	-787	1968	-768	4953																								
606422	初级宝箱怪	10407	3996	7102	3356	3746	2843	874	2838	-768	4953																										
606423	初级宝箱怪	-10843	151	-9979	751	-7255	2086	-4743	2851	-2500	2852	-768	4953																								
606424	中级宝箱怪	-4597	-11504	-1965	-7092	-1235	-4026	-1181	-750	-1187	1968	-768	4953																								
606425	中级宝箱怪	-899	-11339	-2465	-7092	-835	-4026	-781	-750	-787	1968	-768	4953																								
606426	中级宝箱怪	10407	3996	7102	3356	3746	2843	874	2838	-768	4953																										
606427	中级宝箱怪	-10843	151	-9979	751	-7255	2086	-4743	2851	-2500	2852	-768	4953																								
606428	高级宝箱怪	-4597	-11504	-1965	-7092	-1235	-4026	-1181	-750	-1187	1968	-768	4953																								
606429	高级宝箱怪	-899	-11339	-2465	-7092	-835	-4026	-781	-750	-787	1968	-768	4953																								
606430	高级宝箱怪	10407	3996	7102	3356	3746	2843	874	2838	-768	4953																										
606431	高级宝箱怪	-10843	151	-9979	751	-7255	2086	-4743	2851	-2500	2852	-768	4953																								
606432	高级宝箱怪	-4597	-11504	-1965	-7092	-1235	-4026	-1181	-750	-1187	1968	-768	4953																								
606433	高级宝箱怪	-899	-11339	-2465	-7092	-835	-4026	-781	-750	-787	1968	-768	4953																								
606434	高级宝箱怪	10407	3996	7102	3356	3746	2843	874	2838	-768	4953																										
606435	高级宝箱怪	-10843	151	-9979	751	-7255	2086	-4743	2851	-2500	2852	-768	4953																								
606436	特级宝箱怪	-4597	-11504	-1965	-7092	-1235	-4026	-1181	-750	-1187	1968	-768	4953																								
606437	特级宝箱怪	-899	-11339	-2465	-7092	-835	-4026	-781	-750	-787	1968	-768	4953																								
606438	特级宝箱怪	10407	3996	7102	3356	3746	2843	874	2838	-768	4953																										
606439	特级宝箱怪	-10843	151	-9979	751	-7255	2086	-4743	2851	-2500	2852	-768	4953																								
606441	特级宝箱怪	-4597	-11504	-1965	-7092	-1235	-4026	-1181	-750	-1187	1968	-768	4953																								
606442	特级宝箱怪	-899	-11339	-2465	-7092	-835	-4026	-781	-750	-787	1968	-768	4953																								
606443	特级宝箱怪	10407	3996	7102	3356	3746	2843	874	2838	-768	4953																										
606444	特级宝箱怪	-10843	151	-9979	751	-7255	2086	-4743	2851	-2500	2852	-768	4953																								
606445	精英宝箱怪	-4597	-11504	-1965	-7092	-1235	-4026	-1181	-750	-1187	1968	-768	4953																								
606446	精英宝箱怪	-899	-11339	-2465	-7092	-835	-4026	-781	-750	-787	1968	-768	4953																								
606447	精英宝箱怪	10407	3996	7102	3356	3746	2843	874	2838	-768	4953																										
606448	精英宝箱怪	-10843	151	-9979	751	-7255	2086	-4743	2851	-2500	2852	-768	4953																								
606449	精英宝箱怪	-4597	-11504	-1965	-7092	-1235	-4026	-1181	-750	-1187	1968	-768	4953																								
606450	精英宝箱怪	-899	-11339	-2465	-7092	-835	-4026	-781	-750	-787	1968	-768	4953																								
606451	精英宝箱怪	10407	3996	7102	3356	3746	2843	874	2838	-768	4953																										
606452	精英宝箱怪	-10843	151	-9979	751	-7255	2086	-4743	2851	-2500	2852	-768	4953																								
606453	终极宝箱怪	-4597	-11504	-1965	-7092	-1235	-4026	-1181	-750	-1187	1968	-768	4953																								
606454	终极宝箱怪	-899	-11339	-2465	-7092	-835	-4026	-781	-750	-787	1968	-768	4953																								
606455	终极宝箱怪	10407	3996	7102	3356	3746	2843	874	2838	-768	4953																										
606456	终极宝箱怪	-10843	151	-9979	751	-7255	2086	-4743	2851	-2500	2852	-768	4953																								
20017	胖次军团	-2674	606	-3200	1317	-9709	-981																														
20018	胖次军团	-2505	954	-3200	1317	-9709	-981																														
20019	胖次军团	-2492	1288	-3200	1317	-9709	-981																														
20020	搞个大新闻	-2597	1693	-3200	1317	-9709	-981																														
20021	搞个大新闻	-1843	756	-3200	1317	-9709	-981																														
20022	搞个大新闻	-1794	1546	-3200	1317	-9709	-981																														
20002	欧派星人	4593	-139	-3200	1317	-9709	-981																														
20003	欧派星人	4704	120	-3200	1317	-9709	-981																														
11636	徐彦祖	-5844	5257	-3142	-821	3696	695	5770	780																												
11637	徐彦祖	-6382	5329	-3140	-1175	3696	695	5770	780																												
11638	徐彦祖	-6772	5333	-3141	-1527	3696	695	5770	780																												
11639	蓝莓芥末酱	-5847	5996	-3510	-819	3696	695	5770	780																												
11640	蓝莓芥末酱	-6322	5957	-3502	-1169	3696	695	5770	780																												
11641	蓝莓芥末酱	-6741	6025	-3508	-1517	3696	695	5770	780																												
23052	今天不回家	11620	11150	7200	6376	4040	5977	2254	2688	-890	-461	-3507	-2963																								
23053	今天不回家	11660	11200	7230	6406	4080	5997	2304	2668	-870	-491	-3547	-2923																								
23054	今天不回家	11700	11250	7260	6436	4120	6017	2354	2648	-850	-521	-3587	-2883																								
23055	斗战胜佛	11740	11300	7290	6466	4160	6037	2404	2628	-830	-551	-3627	-2843																								
23056	斗战胜佛	11780	11350	7320	6496	4200	6057	2454	2608	-810	-581	-3667	-2803																								
23057	斗战胜佛	11820	11400	7350	6526	4240	6077	2504	2588	-790	-611	-3707	-2763																								
23058	撒西米	11860	11450	7380	6556	4280	6097	2554	2568	-770	-641	-3747	-2723																								
23059	撒西米	11900	11500	7410	6586	4320	6117	2604	2548	-750	-671	-3787	-2683																								
23060	撒西米	11940	11550	7440	6616	4360	6137	2654	2528	-730	-701	-3827	-2643																								
23061	冬不拉	11980	11600	7470	6646	4400	6157	2704	2508	-710	-731	-3867	-2603																								
23062	冬不拉	12020	11650	7500	6676	4440	6177	2754	2488	-690	-761	-3907	-2563																								
23063	冬不拉	12060	11700	7530	6706	4480	6197	2804	2468	-670	-791	-3947	-2523																								
23064	城防援军	-8543	8977	-8705	6453	-6168	3814	-7136	1122	-8883	-2121	-6374	-2820																								
23065	城防援军	-8553	8997	-8735	6493	-6118	3854	-7186	1172	-8833	-2161	-6394	-2860																								
23066	城防援军	-8563	9017	-8765	6533	-6068	3894	-7236	1222	-8783	-2201	-6414	-2900																								
23067	城防援军	-8573	9037	-8795	6573	-6018	3934	-7286	1272	-8733	-2241	-6434	-2940																								
23068	城防援军	-8583	9057	-8825	6613	-5968	3974	-7336	1322	-8683	-2281	-6454	-2980																								
23069	城防援军	-8593	9077	-8855	6653	-5918	4014	-7386	1372	-8633	-2321	-6474	-3020																								
23070	城防援军	-8603	9097	-8885	6693	-5868	4054	-7436	1422	-8583	-2361	-6494	-3060																								
23071	城防援军	-8613	9117	-8915	6733	-5818	4094	-7486	1472	-8533	-2401	-6514	-3100																								
23072	城防援军	-8623	9137	-8945	6773	-5768	4134	-7536	1522	-8483	-2441	-6534	-3140																								
23073	城防援军	-8633	9157	-8975	6813	-5718	4174	-7586	1572	-8433	-2481	-6554	-3180																								
23074	城防援军	-8643	9177	-9005	6853	-5668	4214	-7636	1622	-8383	-2521	-6574	-3220																								
23075	城防援军	-8653	9197	-9035	6893	-5618	4254	-7686	1672	-8333	-2561	-6594	-3260																								
23076	城防援军	-8663	9217	-9065	6933	-5568	4294	-7736	1722	-8283	-2601	-6614	-3300																								
23077	城防援军	-8673	9237	-9095	6973	-5518	4334	-7786	1772	-8233	-2641	-6634	-3340																								
23078	城防援军	-8683	9257	-9125	7013	-5468	4374	-7836	1822	-8183	-2681	-6654	-3380	-6265	-3159	-8570	-2255																				
23079	请叫我大佬	11620	11150	7200	6376	4040	5977	2254	2688	-890	-461	-3507	-2963	-6225	-3119	-8520	-2295																				
23080	请叫我大佬	11660	11200	7230	6406	4080	5997	2304	2668	-870	-491	-3547	-2923	-6185	-3079	-8470	-2335																				
23081	请叫我大佬	11700	11250	7260	6436	4120	6017	2354	2648	-850	-521	-3587	-2883	-6145	-3039	-8420	-2375																				
23143	大魔王	-11807	2841	-8215	813	-6699	693	-3934	184	-1266	386	1143	140	-6105	-2999	-8370	-2415																				
23144	大魔王	-11850	2850	-8225	813	-6679	693	-3954	184	-1276	396	1123	110	-6065	-2959	-8320	-2455																				
23145	大魔王	-11900	2900	-8235	813	-6659	693	-3974	184	-1286	406	1103	80	-6025	-2919	-8270	-2495																				
23146	不要怂就是干	-11950	2950	-8245	813	-6639	693	-3994	184	-1296	416	1083	50	-5985	-2879	-8220	-2535																				
23147	不要怂就是干	-12000	3000	-8255	813	-6619	693	-4014	184	-1306	426	1063	20	-5945	-2839	-8170	-2575																				
23148	不要怂就是干	-12050	3050	-8265	813	-6599	693	-4034	184	-1316	436	1043	-10	-5905	-2799	-8120	-2615																				
23149	飞机头	-12100	3100	-8275	813	-6579	693	-4054	184	-1326	446	1023	-40	-5865	-2759	-8070	-2655																				
23150	飞机头	-12150	3150	-8285	813	-6559	693	-4074	184	-1336	456	1003	-70	-5825	-2719	-8020	-2695																				
23151	飞机头	-12200	3200	-8295	813	-6539	693	-4094	184	-1346	466	983	-100	-3810	-3117	-1360	-356	2254	2688																		
23152	李不二	-12250	3200	-8305	813	-6519	693	-4114	184	-1356	476	963	-130	-3860	-3157	-1310	-396	2214	2668																		
23153	李不二	-12300	3200	-8315	813	-6499	693	-4134	184	-1366	486	943	-160	-3910	-3197	-1260	-436	2174	2648																		
23154	李不二	-12350	3200	-8325	813	-6479	693	-4154	184	-1376	496	923	-190	-3960	-3237	-1210	-476	2134	2628																		
23155	请叫我大佬	-12400	3200	-8335	813	-6459	693	-4174	184	-1386	506	903	-220	-4010	-3277	-1160	-516	2094	2608																		
23156	请叫我大佬	-12450	3200	-8345	813	-6439	693	-4194	184	-1396	516	883	-250	-4060	-3317	-1110	-556	2054	2588																		
23157	请叫我大佬	-12500	3200	-8355	813	-6419	693	-4214	184	-1406	526	863	-280	-4110	-3357	-1060	-596	2014	2568																		
23158	城防援军	11816	1296	6168	156	3816	152	1143	140	-1266	386	-3934	184	-4160	-3397	-1010	-636	1974	2548																		
23159	城防援军	11816	1296	6178	156	3836	152	1163	140	-1286	366	-3904	194	-4210	-3437	-960	-676	1934	2528																		
23160	城防援军	11816	1296	6188	156	3856	152	1183	140	-1306	346	-3874	204	-4260	-3477	-910	-716	1894	2508																		
23161	城防援军	11816	1296	6198	156	3876	152	1203	140	-1326	326	-3844	214	-4310	-3517	-860	-756	1854	2488																		
23162	城防援军	11816	1296	6208	156	3896	152	1223	140	-1346	306	-3814	224	-4360	-3557	-810	-796	1814	2468																		
23163	城防援军	11816	1296	6218	156	3916	152	1243	140	-1366	286	-3784	234	-4410	-3597	-760	-836	1774	2448																		
23164	城防援军	11816	1296	6228	156	3936	152	1263	140	-1386	266	-3754	244	-4460	-3637	-710	-876	1734	2428																		
23165	城防援军	11816	1296	6238	156	3956	152	1283	140	-1406	246	-3724	254	-4510	-3677	-660	-916	1694	2408																		
23166	城防援军	11816	1296	6248	156	3976	152	1303	140	-1426	226	-3694	264	-6265	-3159	-8570	-2255																				
23167	城防援军	11816	1296	6258	156	3996	152	1323	140	-1446	206	-3664	274	-6225	-3119	-8520	-2295																				
23168	城防援军	11816	1296	6268	156	4016	152	1343	140	-1466	186	-3634	284	-6185	-3079	-8470	-2335																				
23169	城防援军	11816	1296	6278	156	4036	152	1363	140	-1486	166	-3604	294																								
23170	城防援军	11816	1296	6288	156	4056	152	1383	140	-1506	146	-3574	304																								
23171	城防援军	11816	1296	6298	156	4076	152	1403	140	-1526	126	-3544	314																								
23172	城防援军	11816	1296	6308	156	4096	152	1423	140	-1546	106	-3514	324																								
23255	坦克	11991	12201	8098	8799	5994	5735	10128	3609	10317	672	7464	-1921																								
23256	坦克	11991	12201	8078	8789	5974	5745	10148	3609	10337	682	7484	-1941																								
23257	坦克	11991	12201	8058	8779	5954	5755	10168	3609	10357	692	7504	-1961																								
23258	基友	11991	12201	8038	8769	5934	5765	10188	3609	10377	702	7524	-1981																								
23259	基友	11991	12201	8018	8759	5914	5775	10208	3609	10397	712	7544	-2001																								
23260	基友	11991	12201	7998	8749	5894	5785	10228	3609	10417	722	7564	-2021																								
23261	三国丞相	11991	12201	7978	8739	5874	5795	10248	3609	10437	732	7584	-2041																								
23262	三国丞相	11991	12201	7958	8729	5854	5805	10268	3609	10457	742	7604	-2061																								
23263	三国丞相	11991	12201	7938	8719	5834	5815	10288	3609	10477	752	7624	-2081																								
23264	少帮主	11991	12201	7918	8709	5814	5825	10308	3609	10497	762	7644	-2101																								
23265	少帮主	11991	12201	7898	8699	5794	5835	10328	3609	10517	772	7664	-2121																								
23266	少帮主	11991	12201	7878	8689	5774	5845	10348	3609	10537	782	7684	-2141																								
23267	请叫我大佬	11991	12201	7858	8679	5754	5855	10368	3609	10557	792	7704	-2161																								
23268	请叫我大佬	11991	12201	7838	8669	5734	5865	10388	3609	10577	802	7724	-2181																								
23269	请叫我大佬	11991	12201	7818	8659	5714	5875	10408	3609	10597	812	7744	-2201																								
23270	城防援军	-9455	-8746	-7090	-7546	-5578	-8438	-4208	-9194	-2138	-7804	569	-8948																								
23271	城防援军	-9455	-8746	-7070	-7546	-5568	-8458	-4228	-9174	-2158	-7824	589	-8968																								
23272	城防援军	-9455	-8746	-7050	-7546	-5558	-8478	-4248	-9154	-2178	-7844	609	-8988																								
23273	城防援军	-9455	-8746	-7030	-7546	-5548	-8498	-4268	-9134	-2198	-7864	629	-9008																								
23274	城防援军	-9455	-8746	-7010	-7546	-5538	-8518	-4288	-9114	-2218	-7884	649	-9028																								
23275	城防援军	-9455	-8746	-6990	-7546	-5528	-8538	-4308	-9094	-2238	-7904	669	-9048																								
23276	城防援军	-9455	-8746	-6970	-7546	-5518	-8558	-4328	-9074	-2258	-7924	689	-9068																								
23277	城防援军	-9455	-8746	-6950	-7546	-5508	-8578	-4348	-9054	-2278	-7944	709	-9088																								
23278	城防援军	-9455	-8746	-6930	-7546	-5498	-8598	-4368	-9034	-2298	-7964	729	-9108																								
23279	城防援军	-9455	-8746	-6910	-7546	-5488	-8618	-4388	-9014	-2318	-7984	749	-9128																								
23280	城防援军	-9455	-8746	-6890	-7546	-5478	-8638	-4408	-8994	-2338	-8004	769	-9148																								
23281	城防援军	-9455	-8746	-6870	-7546	-5468	-8658	-4428	-8974	-2358	-8024	789	-9168	6030	-4488	3659	-7026	745	-7129	569	-8948																
23282	城防援军	-9455	-8746	-6850	-7546	-5458	-8678	-4448	-8954	-2378	-8044	809	-9188	6050	-4478	3679	-7046	755	-7139	589	-8928																
23283	城防援军	-9455	-8746	-6830	-7546	-5448	-8698	-4468	-8934	-2398	-8064	829	-9208	6070	-4468	3699	-7066	765	-7149	609	-8908																
23284	城防援军	-9455	-8746	-6810	-7546	-5438	-8718	-4488	-8914	-2418	-8084	849	-9228	6090	-4458	3719	-7086	775	-7159	629	-8888																
23349	龙飞凤舞	-453	-15702	3795	-13007	3285	-9917	3098	-5286	3300	-1879	4938	-42	6110	-4448	3739	-7106	785	-7169	649	-8868																
23350	龙飞凤舞	-453	-15702	3775	-13007	3265	-9937	3078	-5266	3320	-1899	4958	-42	6130	-4438	3759	-7126	795	-7179	669	-8848																
23351	龙飞凤舞	-453	-15702	3755	-13007	3245	-9957	3058	-5246	3340	-1919	4978	-42	6150	-4428	3779	-7146	805	-7189	689	-8828																
23352	大馒头	-453	-15702	3735	-13007	3225	-9977	3038	-5226	3360	-1939	4998	-42	6170	-4418	3799	-7166	815	-7199	709	-8808																
23353	大馒头	-453	-15702	3715	-13007	3205	-9997	3018	-5206	3380	-1959	5018	-42	6190	-4408	3819	-7186	825	-7209	729	-8788																
23354	大馒头	-453	-15702	3695	-13007	3185	-10017	2998	-5186	3400	-1979	5038	-42	6210	-4398	3839	-7206	835	-7219	749	-8768																
23355	一剑封喉	-453	-15702	3675	-13007	3165	-10037	2978	-5166	3420	-1999	5058	-42	6230	-4388	3859	-7226	845	-7229	769	-8748																
23356	一剑封喉	-453	-15702	3655	-13007	3145	-10057	2958	-5146	3440	-2019	5078	-42	6250	-4378	3879	-7246	855	-7239	789	-8728																
23357	一剑封喉	-453	-15702	3635	-13007	3125	-10077	2938	-5126	3460	-2039	5098	-42	6270	-4368	3899	-7266	865	-7249	809	-8708																
23358	飘飘飘	-453	-15702	3615	-13007	3105	-10097	2918	-5106	3480	-2059	5118	-42	6290	-4358	3919	-7286	875	-7259	829	-8688																
23359	飘飘飘	-453	-15702	3595	-13007	3085	-10117	2898	-5086	3500	-2079	5138	-42	6310	-4348	3939	-7306	885	-7269	849	-8668																
23360	飘飘飘	-453	-15702	3575	-13007	3065	-10137	2878	-5066	3520	-2099	5158	-42	745	-7129	3263	-6948	6030	-4488																		
23361	请叫我大佬	-453	-15702	3555	-13007	3045	-10157	2858	-5046	3540	-2119	5178	-42	765	-7149	3283	-6968	6050	-4468																		
23362	请叫我大佬	-453	-15702	3535	-13007	3025	-10177	2838	-5026	3560	-2139	5198	-42	785	-7169	3303	-6988	6070	-4448																		
23363	请叫我大佬	-453	-15702	3515	-13007	3005	-10197	2818	-5006	3580	-2159	5218	-42	805	-7189	3323	-7008	6090	-4428																		
23364	城防援军	-22	5560	2688	6925	3390	4368	3389	1947	6594	1492	7744	-20	825	-7209	3343	-7028	6110	-4408																		
23365	城防援军	-22	5560	2668	6945	3370	4348	3369	1967	6574	1472	7764	-40	845	-7229	3363	-7048	6130	-4388																		
23366	城防援军	-22	5560	2648	6965	3350	4328	3349	1987	6554	1452	7784	-60	865	-7249	3383	-7068	6150	-4368																		
23367	城防援军	-22	5560	2628	6985	3330	4308	3329	2007	6534	1432	7804	-80	885	-7269	3403	-7088	6170	-4348																		
23368	城防援军	-22	5560	2608	7005	3310	4288	3309	2027	6514	1412	7824	-100	905	-7289	3423	-7108	6190	-4328																		
23369	城防援军	-22	5560	2588	7025	3290	4268	3289	2047	6494	1392	7844	-120	925	-7309	3443	-7128	6210	-4308																		
23370	城防援军	-22	5560	2568	7045	3270	4248	3269	2067	6474	1372	7864	-140	945	-7329	3463	-7148	6230	-4288																		
23371	城防援军	-22	5560	2548	7065	3250	4228	3249	2087	6454	1352	7884	-160	965	-7349	3483	-7168	6250	-4268																		
23372	城防援军	-22	5560	2528	7085	3230	4208	3229	2107	6434	1332	7904	-180	985	-7369	3503	-7188	6270	-4248																		
23373	城防援军	-22	5560	2508	7105	3210	4188	3209	2127	6414	1312	7924	-200	1005	-7389	3523	-7208	6290	-4228																		
23374	城防援军	-22	5560	2488	7125	3190	4168	3189	2147	6394	1292	7944	-220	1025	-7409	3543	-7228	6310	-4208																		
23375	城防援军	-22	5560	2468	7145	3170	4148	3169	2167	6374	1272	7964	-240	7744	-20																						
23376	城防援军	-22	5560	2448	7165	3150	4128	3149	2187	6354	1252	7984	-260	7764	-20																						
23377	城防援军	-22	5560	2428	7185	3130	4108	3129	2207	6334	1232	8004	-280	7784	-20																						
23378	城防援军	-22	5560	2408	7205	3110	4088	3109	2227	6314	1212	8024	-300	7804	-20																						
23430	车太闲	11489	-444	7978	-307	4363	323	-2720	-16	-6475	-1554			7824	-20																						
23431	车太闲	11489	-444	7958	-327	4343	343	-2740	-36	-6455	-1574			7844	-20																						
23432	车太闲	11489	-444	7938	-347	4323	363	-2760	-56	-6435	-1594			7864	-20																						
23433	五仁月饼	11489	-444	7918	-367	4303	383	-2780	-76	-6415	-1614			7884	-20																						
23434	五仁月饼	11489	-444	7898	-387	4283	403	-2800	-96	-6395	-1634			7904	-20																						
23435	五仁月饼	11489	-444	7878	-407	4263	423	-2820	-116	-6375	-1654			7924	-20																						
23436	六块钱的浪漫	11489	-444	7858	-427	4243	443	-2840	-136	-6355	-1674			7944	-20																						
23437	六块钱的浪漫	11489	-444	7838	-447	4223	463	-2860	-156	-6335	-1694			7964	-20																						
23438	六块钱的浪漫	11489	-444	7818	-467	4203	483	-2880	-176	-6315	-1714			7984	-20																						
23439	九牛一毛	11489	-444	7798	-487	4183	503	-2900	-196	-6295	-1734			8004	-20																						
23440	九牛一毛	11489	-444	7778	-507	4163	523	-2920	-216	-6275	-1754			8024	-20																						
23441	九牛一毛	11489	-444	7758	-527	4143	543	-2940	-236	-6255	-1774			4733	242	3300	-1879	3098	-5286																		
23442	请叫我大佬	11489	-444	7738	-547	4123	563	-2960	-256	-6235	-1794			4713	262	3320	-1859	3078	-5266																		
23443	请叫我大佬	11489	-444	7718	-567	4103	583	-2980	-276	-6215	-1814			4693	282	3340	-1839	3058	-5246																		
23444	请叫我大佬	11489	-444	7698	-587	4083	603	-3000	-296	-6195	-1834			4673	302	3360	-1819	3038	-5226																		
23445	城防援军	-11227	-2880	-9522	-2068	-6475	-1554	-2720	-16					4653	322	3380	-1799	3018	-5206																		
23446	城防援军	-11227	-2880	-9542	-2048	-6455	-1574	-2740	-36					4633	342	3400	-1779	2998	-5186																		
23447	城防援军	-11227	-2880	-9562	-2028	-6435	-1594	-2760	-56					4613	362	3420	-1759	2978	-5166																		
23448	城防援军	-11227	-2880	-9582	-2008	-6415	-1614	-2780	-76					4593	382	3440	-1739	2958	-5146																		
23449	城防援军	-11227	-2880	-9602	-1988	-6395	-1634	-2800	-96					4573	402	3460	-1719	2938	-5126																		
23450	城防援军	-11227	-2880	-9622	-1968	-6375	-1654	-2820	-116					4553	422	3480	-1699	2918	-5106																		
23451	城防援军	-11227	-2880	-9642	-1948	-6355	-1674	-2840	-136					4533	442	3500	-1679	2898	-5086																		
23452	城防援军	-11227	-2880	-9662	-1928	-6335	-1694	-2860	-156					4513	462	3520	-1659	2878	-5066																		
23453	城防援军	-11227	-2880	-9682	-1908	-6315	-1714	-2880	-176					4493	482	3540	-1639	2858	-5046																		
23454	城防援军	-11227	-2880	-9702	-1888	-6295	-1734	-2900	-196					4473	502	3560	-1619	2838	-5026																		
23455	城防援军	-11227	-2880	-9722	-1868	-6275	-1754	-2920	-216					4453	522	3580	-1599	2818	-5006																		
23456	城防援军	-11227	-2880	-9742	-1848	-6255	-1774	-2940	-236																												
23457	城防援军	-11227	-2880	-9762	-1828	-6235	-1794	-2960	-256																												
23458	城防援军	-11227	-2880	-9782	-1808	-6215	-1814	-2980	-276																												
23459	城防援军	-11227	-2880	-9802	-1788	-6195	-1834	-3000	-296																												
23536	乔巴巴	-12230	3440	-8764	630	-6048	-669	-2835	-326	-232	320	4880	1657																								
23537	乔巴巴	-12240	3440	-8784	650	-6028	-689	-2815	-346	-212	340	4860	1677																								
23538	乔巴巴	-12250	3440	-8804	670	-6008	-709	-2795	-366	-192	360	4840	1697																								
23539	说翻就翻	-12260	3440	-8824	690	-5988	-729	-2775	-386	-172	380	4820	1717																								
23540	说翻就翻	-12270	3440	-8844	710	-5968	-749	-2755	-406	-152	400	4800	1737																								
23541	说翻就翻	-12280	3440	-8864	730	-5948	-769	-2735	-426	-132	420	4780	1757																								
23542	旺尼玛	-12290	3440	-8884	750	-5928	-789	-2715	-446	-112	440	4760	1777																								
23543	旺尼玛	-12300	3440	-8904	770	-5908	-809	-2695	-466	-92	460	4740	1797																								
23544	旺尼玛	-12310	3440	-8924	790	-5888	-829	-2675	-486	-72	480	4720	1817																								
23545	李潮羊	-12320	3440	-8944	810	-5868	-849	-2655	-506	-52	500	4700	1837																								
23546	李潮羊	-12330	3440	-8964	830	-5848	-869	-2635	-526	-32	520	4680	1857																								
23547	李潮羊	-12340	3440	-8984	850	-5828	-889	-2615	-546	-12	540	4660	1877																								
23548	我就是大佬	-12230	3440	-8764	630	-6048	-669	-2835	-326	-232	320	4880	1657																								
23549	我就是大佬	-12240	3440	-8784	650	-6028	-689	-2815	-346	-212	340	4860	1677																								
23550	我就是大佬	-12250	3440	-8804	670	-6008	-709	-2795	-366	-192	360	4840	1697																								
23551	城防援军	12523	-4354	12210	-384	8607	1277	4880	1657																												
23552	城防援军	12533	-4354	12230	-364	8627	1257	4860	1677																												
23553	城防援军	12543	-4354	12250	-344	8647	1237	4840	1697																												
23554	城防援军	12553	-4354	12270	-324	8667	1217	4820	1717																												
23555	城防援军	12563	-4354	12290	-304	8687	1197	4800	1737																												
23556	城防援军	12573	-4354	12310	-284	8707	1177	4780	1757																												
23557	城防援军	12583	-4354	12330	-264	8727	1157	4760	1777																												
23558	城防援军	12593	-4354	12350	-244	8747	1137	4740	1797																												
23559	城防援军	12603	-4354	12370	-224	8767	1117	4720	1817																												
23560	城防援军	12613	-4354	12390	-204	8787	1097	4700	1837																												
23561	城防援军	12623	-4354	12410	-184	8807	1077	4680	1857																												
23562	城防援军	12633	-4354	12430	-164	8827	1057	4660	1877					8607	1277																						
23563	城防援军	12643	-4354	12450	-144	8847	1037	4640	1897					8627	1257																						
23564	城防援军	12653	-4354	12470	-124	8867	1017	4620	1917					8647	1237																						
23565	城防援军	12663	-4354	12490	-104	8887	997	4600	1937					8667	1217																						
23644	古灵精怪	8546	-12155	4160	-9082	548	-9085	-2040	-6535	-2672	-2782	-6248	-2962	8687	1197																						
23645	古灵精怪	8526	-12175	4140	-9062	568	-9055	-2020	-6555	-2652	-2762	-6268	-2942	8707	1177																						
23646	古灵精怪	8506	-12195	4120	-9042	588	-9025	-2000	-6575	-2632	-2742	-6288	-2922	8727	1157																						
23647	搞笑担当	8486	-12215	4100	-9022	608	-8995	-1980	-6595	-2612	-2722	-6308	-2902	8747	1137																						
23648	搞笑担当	8466	-12235	4080	-9002	628	-8965	-1960	-6615	-2592	-2702	-6328	-2882	8767	1117																						
23649	搞笑担当	8446	-12255	4060	-8982	648	-8935	-1940	-6635	-2572	-2682	-6348	-2862	8787	1097																						
23650	妈妈再a我1次	8426	-12275	4040	-8962	668	-8905	-1920	-6655	-2552	-2662	-6368	-2842	8807	1077																						
23651	妈妈再a我1次	8406	-12295	4020	-8942	688	-8875	-1900	-6675	-2532	-2642	-6388	-2822	8827	1057																						
23652	妈妈再a我1次	8386	-12315	4000	-8922	708	-8845	-1880	-6695	-2512	-2622	-6408	-2802	8607	1277																						
23653	骑马小妹	8366	-12335	3980	-8902	728	-8815	-1860	-6715	-2492	-2602	-6428	-2782	8627	1257																						
23654	骑马小妹	8346	-12355	3960	-8882	748	-8785	-1840	-6735	-2472	-2582	-6448	-2762	8647	1237																						
23655	骑马小妹	8326	-12375	3940	-8862	768	-8755	-1820	-6755	-2452	-2562	-6468	-2742																								
23656	我就是大佬	8366	-12335	3980	-8902	728	-8815	-1860	-6715	-2492	-2602	-6428	-2782																								
23657	我就是大佬	8346	-12355	3960	-8882	748	-8785	-1840	-6735	-2472	-2582	-6448	-2762																								
23658	我就是大佬	8326	-12375	3940	-8862	768	-8755	-1820	-6755	-2452	-2562	-6468	-2742																								
23659	城防援军	-8037	-7116	-8109	4295	-8225	625	-7896	-1536	-8055	-4115	-6248	-2962																								
23660	城防援军	-8037	-7116	-8129	4275	-8245	645	-7876	-1516	-8035	-4135	-6228	-2942																								
23661	城防援军	-8037	-7116	-8149	4255	-8265	665	-7856	-1496	-8015	-4155	-6208	-2922																								
23662	城防援军	-8037	-7116	-8169	4235	-8285	685	-7836	-1476	-7995	-4175	-6188	-2902																								
23663	城防援军	-8037	-7116	-8189	4215	-8305	705	-7816	-1456	-7975	-4195	-6168	-2882																								
23664	城防援军	-8037	-7116	-8209	4195	-8325	725	-7796	-1436	-7955	-4215	-6148	-2862																								
23665	城防援军	-8037	-7116	-8229	4175	-8345	745	-7776	-1416	-7935	-4235	-6128	-2842																								
23666	城防援军	-8037	-7116	-8249	4155	-8365	765	-7756	-1396	-7915	-4255	-6108	-2822																								
23667	城防援军	-8037	-7116	-8269	4135	-8385	785	-7736	-1376	-7895	-4275	-6088	-2802																								
23668	城防援军	-8037	-7116	-8289	4115	-8405	805	-7716	-1356	-7875	-4295	-6068	-2782																								
23669	城防援军	-8037	-7116	-8309	4095	-8425	825	-7696	-1336	-7855	-4315	-6048	-2762																								
23670	城防援军	-8037	-7116	-8329	4075	-8445	845	-7676	-1316	-7835	-4335	-6028	-2742	-8055	-4115																						
23671	城防援军	-8037	-7116	-8349	4055	-8465	865	-7656	-1296	-7815	-4355	-6008	-2722	-8035	-4135																						
23672	城防援军	-8037	-7116	-8369	4035	-8485	885	-7636	-1276	-7795	-4375	-5988	-2702	-8015	-4155																						
23673	城防援军	-8037	-7116	-8389	4015	-8505	905	-7616	-1256	-7775	-4395	-5968	-2682	-7995	-4175																						
23753	加菲瞄	-10237	-11296	-7701	-5728	-9577	-3090	-9866	489	-9283	3903	-9171	7191	-7975	-4195										4286												
23754	加菲瞄	-10217	-11276	-7721	-5748	-9557	-3070	-9846	469	-9263	3923	-9151	7171	-7955	-4215										4266												
23755	加菲瞄	-10197	-11256	-7741	-5768	-9537	-3050	-9826	449	-9243	3943	-9131	7151	-7935	-4235										4246												
23756	一步三回头	-10177	-11236	-7761	-5788	-9517	-3030	-9806	429	-9223	3963	-9111	7131	-7915	-4255										4226												
23757	一步三回头	-10157	-11216	-7781	-5808	-9497	-3010	-9786	409	-9203	3983	-9091	7111	-7895	-4275										4206												
23758	一步三回头	-10137	-11196	-7801	-5828	-9477	-2990	-9766	389	-9183	4003	-9071	7091	-7875	-4295										4186												
23759	吃饱饱	-10117	-11176	-7821	-5848	-9457	-2970	-9746	369	-9163	4023	-9051	7071	-7855	-4315										4166												
23760	吃饱饱	-10097	-11156	-7841	-5868	-9437	-2950	-9726	349	-9143	4043	-9031	7051	-7835	-4335										4146												
23761	吃饱饱	-10077	-11136	-7861	-5888	-9417	-2930	-9706	329	-9123	4063	-9011	7031	-7875	-4295										4126												
23762	居乐乐	-10057	-11116	-7881	-5908	-9397	-2910	-9686	309	-9103	4083	-8991	7011	-7855	-4315										4106												
23763	居乐乐	-10037	-11096	-7901	-5928	-9377	-2890	-9666	289	-9083	4103	-8971	6991	-7835	-4335										4086												
23764	居乐乐	-10017	-11076	-7921	-5948	-9357	-2870	-9646	269	-9063	4123	-8951	6971	-2672	-2782										4066												
23765	我就是大佬	-9997	-11056	-7941	-5968	-9337	-2850	-9626	249	-9043	4143	-8931	6951	-2652	-2762										4046												
23766	我就是大佬	-9977	-11036	-7961	-5988	-9317	-2830	-9606	229	-9023	4163	-8911	6931	-2632	-2742										4026												
23767	我就是大佬	-9957	-11016	-7981	-6008	-9297	-2810	-9586	209	-9003	4183	-8891	6911	-2612	-2722										4006												
23768	城防援军	3299	11688	1477	8857	-1356	6911	-3100	10356	-5731	8923	-8219	10622	-2592	-2702																						
23769	城防援军	3299	11688	1457	8837	-1336	6931	-3120	10336	-5741	8943	-8239	10642	-2572	-2682																						
23770	城防援军	3299	11688	1437	8817	-1316	6951	-3140	10316	-5751	8963	-8259	10662	-2552	-2662																						
23771	城防援军	3299	11688	1417	8797	-1296	6971	-3160	10296	-5761	8983	-8279	10682	-2532	-2642																						
23772	城防援军	3299	11688	1397	8777	-1276	6991	-3180	10276	-5771	9003	-8299	10702	-2512	-2622																						
23773	城防援军	3299	11688	1377	8757	-1256	7011	-3200	10256	-5781	9023	-8319	10722	-2492	-2602																						
23774	城防援军	3299	11688	1357	8737	-1236	7031	-3220	10236	-5791	9043	-8339	10742	-2472	-2582																						
23775	城防援军	3299	11688	1337	8717	-1216	7051	-3240	10216	-5801	9063	-8359	10762	-2452	-2562																						
23776	城防援军	3299	11688	1317	8697	-1196	7071	-3260	10196	-5811	9083	-8379	10782	-2432	-2542																						
23777	城防援军	3299	11688	1297	8677	-1176	7091	-3280	10176	-5821	9103	-8399	10802	-2412	-2522																						
23778	城防援军	3299	11688	1277	8657	-1156	7111	-3300	10156	-5831	9123	-8419	10822	-2392	-2502																						
23779	城防援军	3299	11688	1257	8637	-1136	7131	-3320	10136	-5841	9143	-8439	10842	-8219	10622	-5731	8923	-3100	10356					13766													
23780	城防援军	3299	11688	1237	8617	-1116	7151	-3340	10116	-5851	9163	-8459	10862	-8239	10642	-5711	8943	-3120	10336					13746													
23781	城防援军	3299	11688	1217	8597	-1096	7171	-3360	10096	-5861	9183	-8479	10882	-8259	10662	-5691	8963	-3140	10316					13726													
23782	城防援军	3299	11688	1197	8577	-1076	7191	-3380	10076	-5871	9203	-8499	10902	-8279	10682	-5671	8983	-3160	10296					13706													
23868	潜龙出海	-7219	7356	-5719	3081	-5707	-253	-2700	-977	883	1762	4739	751	-8299	10702	-5651	9003	-3180	10276					13686													
23869	潜龙出海	-7239	7326	-5739	3061	-5727	-233	-2720	-957	863	1742	4729	731	-8319	10722	-5631	9023	-3200	10256					13666													
23870	潜龙出海	-7259	7296	-5759	3041	-5747	-213	-2740	-937	843	1722	4719	711	-8339	10742	-5611	9043	-3220	10236					13646													
23871	长衫赵子龙	-7279	7266	-5779	3021	-5767	-193	-2760	-917	823	1702	4709	691	-8359	10762	-5591	9063	-3240	10216					13626													
23872	长衫赵子龙	-7299	7236	-5799	3001	-5787	-173	-2780	-897	803	1682	4699	671	-8379	10782	-5571	9083	-3260	10196					13606													
23873	长衫赵子龙	-7319	7206	-5819	2981	-5807	-153	-2800	-877	783	1662	4689	651	-8399	10802	-5551	9103	-3280	10176					13586													
23874	法老王	-7339	7176	-5839	2961	-5827	-133	-2820	-857	763	1642	4679	631	-8419	10822	-5531	9123	-3300	10156					13566													
23875	法老王	-7359	7146	-5859	2941	-5847	-113	-2840	-837	743	1622	4669	611	-8439	10842	-5511	9143	-3320	10136					13546													
23876	法老王	-7379	7116	-5879	2921	-5867	-93	-2860	-817	723	1602	4659	591	-8459	10862	-5491	9163	-3340	10116					13526													
23877	烽起连城	-7399	7086	-5899	2901	-5887	-73	-2880	-797	703	1582	4649	571	-8479	10882	-5471	9183	-3360	10096					13506													
23878	烽起连城	-7419	7056	-5919	2881	-5907	-53	-2900	-777	683	1562	4639	551	-8499	10902	-5451	9203	-3380	10076					13486													
23879	烽起连城	-7439	7026	-5939	2861	-5927	-33	-2920	-757	663	1542	4629	531																								
23880	我就是大佬	-7459	6996	-5959	2841	-5947	-13	-2940	-737	643	1522	4619	511																								
23881	我就是大佬	-7479	6966	-5979	2821	-5967	7	-2960	-717	623	1502	4609	491																								
23882	我就是大佬	-7499	6936	-5999	2801	-5987	27	-2980	-697	603	1482	4599	471																								
23883	城防援军	13541	335	14902	2204	13766	4286	13650	1034	13783	-2693	10558	-3826																								
23884	城防援军	13541	335	14922	2224	13746	4266	13630	1014	13763	-2673	10538	-3846																								
23885	城防援军	13541	335	14942	2244	13726	4246	13610	994	13743	-2653	10518	-3866																								
23886	城防援军	13541	335	14962	2264	13706	4226	13590	974	13723	-2633	10498	-3886																								
23887	城防援军	13541	335	14982	2284	13686	4206	13570	954	13703	-2613	10478	-3906																								
23888	城防援军	13541	335	15002	2304	13666	4186	13550	934	13683	-2593	10458	-3926																								
23889	城防援军	13541	335	15022	2324	13646	4166	13530	914	13663	-2573	10438	-3946																								
23890	城防援军	13541	335	15042	2344	13626	4146	13510	894	13643	-2553	10418	-3966																								
23891	城防援军	13541	335	15062	2364	13606	4126	13490	874	13623	-2533	10398	-3986																								
23892	城防援军	13541	335	15082	2384	13586	4106	13470	854	13603	-2513	10378	-4006																								
23893	城防援军	13541	335	15102	2404	13566	4086	13450	834	13583	-2493	10358	-4026																								
23894	城防援军	13541	335	15122	2424	13546	4066	13430	814	13563	-2473	10338	-4046	8769	1158	8826	-2373	10558	-3826	13783	-2693	13989	649														
23895	城防援军	13541	335	15142	2444	13526	4046	13410	794	13543	-2453	10318	-4066	8749	1128	8846	-2353	10528	-3846	13763	-2673	13969	629														
23896	城防援军	13541	335	15162	2464	13506	4026	13390	774	13523	-2433	10298	-4086	8729	1098	8866	-2333	10498	-3866	13743	-2653	13949	609														
23897	城防援军	13541	335	15182	2484	13486	4006	13370	754	13503	-2413	10278	-4106	8709	1068	8886	-2313	10468	-3886	13723	-2633	13929	589														
23943	我妹爹多	-14385	2331	-9913	1799	-7321	2237	-3831	1677	230	1421	2030	4112	8689	1038	8906	-2293	10438	-3906	13703	-2613	13909	569														
23944	我妹爹多	-14365	2311	-9933	1779	-7341	2217	-3811	1657	210	1441	2050	4132	8669	1008	8926	-2273	10408	-3926	13683	-2593	13889	549														
23945	我妹爹多	-14345	2291	-9953	1759	-7361	2197	-3791	1637	190	1461	2070	4152	8649	978	8946	-2253	10378	-3946	13663	-2573	13869	529														
23946	天命之人	-14325	2271	-9973	1739	-7381	2177	-3771	1617	170	1481	2090	4172	8629	948	8966	-2233	10348	-3966	13643	-2553	13849	509														
23947	天命之人	-14305	2251	-9993	1719	-7401	2157	-3751	1597	150	1501	2110	4192	8609	918	8986	-2213	10318	-3986	13623	-2533	13829	489														
23948	天命之人	-14285	2231	-10013	1699	-7421	2137	-3731	1577	130	1521	2130	4212	8589	888	9006	-2193	10288	-4006	13603	-2513	13809	469														
23949	挖掘机哪家强	-14265	2211	-10033	1679	-7441	2117	-3711	1557	110	1541	2150	4232	8569	858	9026	-2173	10258	-4026	13583	-2493	13789	449														
23950	挖掘机哪家强	-14245	2191	-10053	1659	-7461	2097	-3691	1537	90	1561	2170	4252	8549	828	9046	-2153	10228	-4046	13563	-2473	13769	429														
23951	挖掘机哪家强	-14225	2171	-10073	1639	-7481	2077	-3671	1517	70	1581	2190	4272	8529	798	9066	-2133	10198	-4066	13543	-2453	13749	409														
23952	神之一手	-14205	2151	-10093	1619	-7501	2057	-3651	1497	50	1601	2210	4292	8509	768	9086	-2113	10168	-4086	13523	-2433	13729	389														
23953	神之一手	-14185	2131	-10113	1599	-7521	2037	-3631	1477	30	1621	2230	4312	8489	738	9106	-2093	10138	-4106	13503	-2413	13709	369														
23954	神之一手	-14165	2111	-10133	1579	-7541	2017	-3611	1457	10	1641	2250	4332	8420	-2118	8769	1158	4739	751																		
23955	我就是大佬	-14145	2091	-10153	1559	-7561	1997	-3591	1437	-10	1661	2270	4352	8440	-2138	8749	1138	4729	731																		
23956	我就是大佬	-14125	2071	-10173	1539	-7581	1977	-3571	1417	-30	1681	2290	4372	8460	-2158	8729	1118	4719	711																		
23957	我就是大佬	-14105	2051	-10193	1519	-7601	1957	-3551	1397	-50	1701	2310	4392	8480	-2178	8709	1098	4709	691																		
23958	城防援军	12012	-337	8298	2394	4736	2882	2030	4112	230	1421	-3831	1677	8500	-2198	8689	1078	4699	671																		
23959	城防援军	12012	-337	8278	2374	4756	2862	2010	4132	250	1451	-3851	1657	8520	-2218	8669	1058	4689	651																		
23960	城防援军	12012	-337	8258	2354	4776	2842	1990	4152	270	1481	-3871	1637	8540	-2238	8649	1038	4679	631																		
23961	城防援军	12012	-337	8238	2334	4796	2822	1970	4172	290	1511	-3891	1617	8560	-2258	8629	1018	4669	611																		
23962	城防援军	12012	-337	8218	2314	4816	2802	1950	4192	310	1541	-3911	1597	8580	-2278	8609	998	4659	591																		
23963	城防援军	12012	-337	8198	2294	4836	2782	1930	4212	330	1571	-3931	1577	8600	-2298	8589	978	4649	571																		
23964	城防援军	12012	-337	8178	2274	4856	2762	1910	4232	350	1601	-3951	1557	8620	-2318	8569	958	4639	551																		
23965	城防援军	12012	-337	8158	2254	4876	2742	1890	4252	370	1631	-3971	1537	8640	-2338	8549	938	4629	531																		
23966	城防援军	12012	-337	8138	2234	4896	2722	1870	4272	390	1661	-3991	1517	8660	-2358	8529	918	4619	511																		
23967	城防援军	12012	-337	8118	2214	4916	2702	1850	4292	410	1691	-4011	1497	8680	-2378	8509	898	4609	491																		
23968	城防援军	12012	-337	8098	2194	4936	2682	1830	4312	430	1721	-4031	1477	8700	-2398	8489	878	4599	471																		
23969	城防援军	12012	-337	8078	2174	4956	2662	1810	4332	450	1751	-4051	1457																								
23970	城防援军	12012	-337	8058	2154	4976	2642	1790	4352	470	1781	-4071	1437																								
23971	城防援军	12012	-337	8038	2134	4996	2622	1770	4372	490	1811	-4091	1417																								
23972	城防援军	12012	-337	8018	2114	5016	2602	1750	4392	510	1841	-4111	1397																								
24046	大家快上车	10115	-3427	6632	-1817	5160	936	2232	2059	-1055	2375	-2579	100																								
24047	大家快上车	10135	-3447	6612	-1837	5140	956	2252	2039	-1035	2355	-2559	120																								
24048	大家快上车	10155	-3467	6592	-1857	5120	976	2272	2019	-1015	2335	-2539	140																								
24049	咸鸭蛋超人	10175	-3487	6572	-1877	5100	996	2292	1999	-995	2315	-2519	160																								
24050	咸鸭蛋超人	10195	-3507	6552	-1897	5080	1016	2312	1979	-975	2295	-2499	180																								
24051	咸鸭蛋超人	10215	-3527	6532	-1917	5060	1036	2332	1959	-955	2275	-2479	200																								
24052	玉米好棒	10235	-3547	6512	-1937	5040	1056	2352	1939	-935	2255	-2459	220																								
24053	玉米好棒	10255	-3567	6492	-1957	5020	1076	2372	1919	-915	2235	-2439	240																								
24054	玉米好棒	10275	-3587	6472	-1977	5000	1096	2392	1899	-895	2215	-2419	260																								
24055	大佬你好	10295	-3607	6452	-1997	4980	1116	2412	1879	-875	2195	-2399	280																								
24056	大佬你好	10315	-3627	6432	-2017	4960	1136	2432	1859	-855	2175	-2379	300																								
24057	大佬你好	10335	-3647	6412	-2037	4940	1156	2452	1839	-835	2155	-2359	320																								
24058	别叫我大佬	10355	-3667	6392	-2057	4920	1176	2472	1819	-815	2135	-2339	340																								
24059	别叫我大佬	10375	-3687	6372	-2077	4900	1196	2492	1799	-795	2115	-2319	360																								
24060	别叫我大佬	10395	-3707	6352	-2097	4880	1216	2512	1779	-775	2095	-2299	380																								
24061	城防援军	-12351	-5965	-10481	-2185	-10261	1058	-8242	1647	-6624	-30	-3078	374																								
24062	城防援军	-12351	-5965	-10461	-2165	-10241	1038	-8222	1667	-6644	-50	-3058	354																								
24063	城防援军	-12351	-5965	-10441	-2145	-10221	1018	-8202	1687	-6664	-70	-3038	334																								
24064	城防援军	-12351	-5965	-10421	-2125	-10201	998	-8182	1707	-6684	-90	-3018	314																								
24065	城防援军	-12351	-5965	-10401	-2105	-10181	978	-8162	1727	-6704	-110	-2998	294																								
24066	城防援军	-12351	-5965	-10381	-2085	-10161	958	-8142	1747	-6724	-130	-2978	274																								
24067	城防援军	-12351	-5965	-10361	-2065	-10141	938	-8122	1767	-6744	-150	-2958	254																								
24068	城防援军	-12351	-5965	-10341	-2045	-10121	918	-8102	1787	-6764	-170	-2938	234																								
24069	城防援军	-12351	-5965	-10321	-2025	-10101	898	-8082	1807	-6784	-190	-2918	214																								
24070	城防援军	-12351	-5965	-10301	-2005	-10081	878	-8062	1827	-6804	-210	-2898	194																								
24071	城防援军	-12351	-5965	-10281	-1985	-10061	858	-8042	1847	-6824	-230	-2878	174																								
24072	城防援军	-12351	-5965	-10261	-1965	-10041	838	-8022	1867	-6844	-250	-2858	154	-4944	-2814	-4944	-2814																				
24073	城防援军	-12351	-5965	-10241	-1945	-10021	818	-8002	1887	-6864	-270	-2838	134	-4924	-2834	-4924	-2834																				
24074	城防援军	-12351	-5965	-10221	-1925	-10001	798	-7982	1907	-6884	-290	-2818	114	-4904	-2854	-4904	-2854																				
24075	城防援军	-12351	-5965	-10201	-1905	-9981	778	-7962	1927	-6904	-310	-2798	94	-4884	-2874	-4884	-2874																				
24153	老湿机	11652	11184	7200	6376	4040	5977	2254	2688	-890	-461	-3507	-2963	-4864	-2894	-4864	-2894																				
24154	老湿机	11632	11164	7220	6356	4020	5957	2234	2668	-870	-441	-3527	-2943	-4844	-2914	-4844	-2914																				
24155	老湿机	11612	11144	7240	6336	4000	5937	2214	2648	-850	-421	-3547	-2923	-4824	-2934	-4824	-2934																				
24156	不想长大	11592	11124	7260	6316	3980	5917	2194	2628	-830	-401	-3567	-2903	-4804	-2954	-4804	-2954																				
24157	不想长大	11572	11104	7280	6296	3960	5897	2174	2608	-810	-381	-3587	-2883	-4784	-2974	-4784	-2974																				
24158	不想长大	11552	11084	7300	6276	3940	5877	2154	2588	-790	-361	-3607	-2863	-4764	-2994	-4764	-2994																				
24159	战神阿布	11532	11064	7320	6256	3920	5857	2134	2568	-770	-341	-3627	-2843	-4744	-3014	-4744	-3014																				
24160	战神阿布	11512	11044	7340	6236	3900	5837	2114	2548	-750	-321	-3647	-2823	-4724	-3034	-4724	-3034																				
24161	战神阿布	11492	11024	7360	6216	3880	5817	2094	2528	-730	-301	-3667	-2803	-4704	-3054	-4704	-3054																				
24162	小秘密	11472	11004	7380	6196	3860	5797	2074	2508	-710	-281	-3687	-2783	-4684	-3074	-4684	-3074																				
24163	小秘密	11452	10984	7400	6176	3840	5777	2054	2488	-690	-261	-3707	-2763	-4664	-3094	-4664	-3094																				
24164	小秘密	11432	10964	7420	6156	3820	5757	2034	2468	-670	-241	-3727	-2743	-1263	1970	2232	2059																				
24165	别叫我大佬	11412	10944	7440	6136	3800	5737	2014	2448	-650	-221	-3747	-2723	-1243	1950	2252	2039																				
24166	别叫我大佬	11392	10924	7460	6116	3780	5717	1994	2428	-630	-201	-3767	-2703	-1223	1930	2272	2019																				
24167	别叫我大佬	11372	10904	7480	6096	3760	5697	1974	2408	-610	-181	-3787	-2683	-1203	1910	2292	1999																				
24168	城防援军	-8543	8977	-8705	6453	-6168	3814	-7136	1122	-8883	-2121	-6374	-2820	-1183	1890	2312	1979																				
24169	城防援军	-8543	8977	-8725	6433	-6148	3834	-7156	1142	-8863	-2141	-6354	-2840	-1163	1870	2332	1959																				
24170	城防援军	-8543	8977	-8745	6413	-6128	3854	-7176	1162	-8843	-2161	-6334	-2860	-1143	1850	2352	1939																				
24171	城防援军	-8543	8977	-8765	6393	-6108	3874	-7196	1182	-8823	-2181	-6314	-2880	-1123	1830	2372	1919																				
24172	城防援军	-8543	8977	-8785	6373	-6088	3894	-7216	1202	-8803	-2201	-6294	-2900	-1103	1810	2392	1899																				
24173	城防援军	-8543	8977	-8805	6353	-6068	3914	-7236	1222	-8783	-2221	-6274	-2920	-1083	1790	2412	1879																				
24174	城防援军	-8543	8977	-8825	6333	-6048	3934	-7256	1242	-8763	-2241	-6254	-2940	-1063	1770	2432	1859																				
24175	城防援军	-8543	8977	-8845	6313	-6028	3954	-7276	1262	-8743	-2261	-6234	-2960	-1043	1750	2452	1839																				
24176	城防援军	-8543	8977	-8865	6293	-6008	3974	-7296	1282	-8723	-2281	-6214	-2980	-1023	1730	2472	1819																				
24177	城防援军	-8543	8977	-8885	6273	-5988	3994	-7316	1302	-8703	-2301	-6194	-3000	-1003	1710	2492	1799																				
24178	城防援军	-8543	8977	-8905	6253	-5968	4014	-7336	1322	-8683	-2321	-6174	-3020	-983	1690	2512	1779																				
24179	城防援军	-8543	8977	-8925	6233	-5948	4034	-7356	1342	-8663	-2341	-6154	-3040	-6265	-3159	-8570	-2255																				
24180	城防援军	-8543	8977	-8945	6213	-5928	4054	-7376	1362	-8643	-2361	-6134	-3060	-6245	-3129	-8550	-2225																				
24181	城防援军	-8543	8977	-8965	6193	-5908	4074	-7396	1382	-8623	-2381	-6114	-3080	-6225	-3099	-8530	-2195																				
24182	城防援军	-8543	8977	-8985	6173	-5888	4094	-7416	1402	-8603	-2401	-6094	-3100	-6205	-3069	-8510	-2165																				
24242	阳光帅锅	11628	726	7381	-1535	4465	-1330	1039	-1479	-2672	-2782	-6248	-2962	-6185	-3039	-8490	-2135																				
24243	阳光帅锅	11648	746	7361	-1555	4445	-1350	1059	-1459	-2652	-2762	-6268	-2942	-6165	-3009	-8470	-2105																				
24244	阳光帅锅	11668	766	7341	-1575	4425	-1370	1079	-1439	-2632	-2742	-6288	-2922	-6145	-2979	-8450	-2075																				
24245	单反穷三代	11688	786	7321	-1595	4405	-1390	1099	-1419	-2612	-2722	-6308	-2902	-6125	-2949	-8430	-2045																				
24246	单反穷三代	11708	806	7301	-1615	4385	-1410	1119	-1399	-2592	-2702	-6328	-2882	-6105	-2919	-8410	-2015																				
24247	单反穷三代	11728	826	7281	-1635	4365	-1430	1139	-1379	-2572	-2682	-6348	-2862	-6085	-2889	-8390	-1985																				
24248	面白	11748	846	7261	-1655	4345	-1450	1159	-1359	-2552	-2662	-6368	-2842	-6065	-2859	-8370	-1955																				
24249	面白	11768	866	7241	-1675	4325	-1470	1179	-1339	-2532	-2642	-6388	-2822	-6045	-2829	-8350	-1925																				
24250	面白	11788	886	7221	-1695	4305	-1490	1199	-1319	-2512	-2622	-6408	-2802	-6025	-2799	-8330	-1895																				
24251	手黑	11808	906	7201	-1715	4285	-1510	1219	-1299	-2492	-2602	-6428	-2782	-6005	-2769	-8310	-1865																				
24252	手黑	11828	926	7181	-1735	4265	-1530	1239	-1279	-2472	-2582	-6448	-2762	-5985	-2739	-8290	-1835																				
24253	手黑	11848	946	7161	-1755	4245	-1550	1259	-1259	-2452	-2562	-6468	-2742	-3810	-3117	-1360	-356	2254	2688																		
24254	别叫我大佬	11868	966	7141	-1775	4225	-1570	1279	-1239	-2432	-2542	-6488	-2722	-3840	-3137	-1320	-336	2234	2668																		
24255	别叫我大佬	11888	986	7121	-1795	4205	-1590	1299	-1219	-2412	-2522	-6508	-2702	-3870	-3157	-1280	-316	2214	2648																		
24256	别叫我大佬	11908	1006	7101	-1815	4185	-1610	1319	-1199	-2392	-2502	-6528	-2682	-3900	-3177	-1240	-296	2194	2628																		
24257	城防援军	-8037	-7116	-8109	4295	-8225	625	-7896	-1536	-8055	-4115	-6248	-2962	-3930	-3197	-1200	-276	2174	2608																		
24258	城防援军	-8037	-7116	-8129	4275	-8245	645	-7876	-1556	-8035	-4135	-6228	-2942	-3960	-3217	-1160	-256	2154	2588																		
24259	城防援军	-8037	-7116	-8149	4255	-8265	665	-7856	-1576	-8015	-4155	-6208	-2922	-3990	-3237	-1120	-236	2134	2568																		
24260	城防援军	-8037	-7116	-8169	4235	-8285	685	-7836	-1596	-7995	-4175	-6188	-2902	-4020	-3257	-1080	-216	2114	2548																		
24261	城防援军	-8037	-7116	-8189	4215	-8305	705	-7816	-1616	-7975	-4195	-6168	-2882	-4050	-3277	-1040	-196	2094	2528																		
24262	城防援军	-8037	-7116	-8209	4195	-8325	725	-7796	-1636	-7955	-4215	-6148	-2862	-4080	-3297	-1000	-176	2074	2508																		
24263	城防援军	-8037	-7116	-8229	4175	-8345	745	-7776	-1656	-7935	-4235	-6128	-2842	-4110	-3317	-960	-156	2054	2488																		
24264	城防援军	-8037	-7116	-8249	4155	-8365	765	-7756	-1676	-7915	-4255	-6108	-2822	-4140	-3337	-920	-136	2034	2468																		
24265	城防援军	-8037	-7116	-8269	4135	-8385	785	-7736	-1696	-7895	-4275	-6088	-2802	-4170	-3357	-880	-116	2014	2448																		
24266	城防援军	-8037	-7116	-8289	4115	-8405	805	-7716	-1716	-7875	-4295	-6068	-2782	-4200	-3377	-840	-96	1994	2428																		
24267	城防援军	-8037	-7116	-8309	4095	-8425	825	-7696	-1736	-7855	-4315	-6048	-2762	-4230	-3397	-800	-76	1974	2408																		
24268	城防援军	-8037	-7116	-8329	4075	-8445	845	-7676	-1756	-7835	-4335	-6028	-2742	-8055	-4115																						
24269	城防援军	-8037	-7116	-8349	4055	-8465	865	-7656	-1776	-7815	-4355	-6008	-2722	-8035	-4135																						
24270	城防援军	-8037	-7116	-8369	4035	-8485	885	-7636	-1796	-7795	-4375	-5988	-2702	-8015	-4155																						
24271	城防援军	-8037	-7116	-8389	4015	-8505	905	-7616	-1816	-7775	-4395	-5968	-2682	-7995	-4175																						
24344	巴基力	-4875	-11941	-5028	-8130	-4829	-6187	-1693	-4675	-518	-2419	-425	855	-7975	-4195																						
24345	巴基力	-4855	-11921	-5048	-8150	-4849	-6167	-1653	-4655	-548	-2439	-455	835	-7955	-4215																						
24346	巴基力	-4835	-11901	-5068	-8170	-4869	-6147	-1613	-4635	-578	-2459	-485	815	-7935	-4235																						
24347	蓝胖子	-4815	-11881	-5088	-8190	-4889	-6127	-1573	-4615	-608	-2479	-515	795	-7915	-4255																						
24348	蓝胖子	-4795	-11861	-5108	-8210	-4909	-6107	-1533	-4595	-638	-2499	-545	775	-7895	-4275																						
24349	蓝胖子	-4775	-11841	-5128	-8230	-4929	-6087	-1493	-4575	-668	-2519	-575	755	-7875	-4295																						
24350	烽火战神	-4755	-11821	-5148	-8250	-4949	-6067	-1453	-4555	-698	-2539	-605	735	-7855	-4315																						
24351	烽火战神	-4735	-11801	-5168	-8270	-4969	-6047	-1413	-4535	-728	-2559	-635	715	-7835	-4335																						
24352	烽火战神	-4715	-11781	-5188	-8290	-4989	-6027	-1373	-4515	-758	-2579	-665	695	-7815	-4355																						
24353	奇美拉	-4695	-11761	-5208	-8310	-5009	-6007	-1333	-4495	-788	-2599	-695	675	-7795	-4375																						
24354	奇美拉	-4675	-11741	-5228	-8330	-5029	-5987	-1293	-4475	-818	-2619	-725	655	-7775	-4395																						
24355	奇美拉	-4655	-11721	-5248	-8350	-5049	-5967	-1253	-4455	-848	-2639	-755	635	-2672	-2782																						
24356	别叫我大佬	-4635	-11701	-5268	-8370	-5069	-5947	-1213	-4435	-878	-2659	-785	615	-2652	-2762																						
24357	别叫我大佬	-4615	-11681	-5288	-8390	-5089	-5927	-1173	-4415	-908	-2679	-815	595	-2632	-2742																						
24358	别叫我大佬	-4595	-11661	-5308	-8410	-5109	-5907	-1133	-4395	-938	-2699	-845	575	-2612	-2722																						
24359	城防援军	9740	2988	6229	3545	2368	3579	-366	2837	-2294	2980	-706	1042	-2592	-2702																						
24360	城防援军	9740	2988	6249	3525	2348	3559	-346	2857	-2274	2960	-726	1022	-2572	-2682																						
24361	城防援军	9740	2988	6269	3505	2328	3539	-326	2877	-2254	2940	-746	1002	-2552	-2662																						
24362	城防援军	9740	2988	6289	3485	2308	3519	-306	2897	-2234	2920	-766	982	-2532	-2642																						
24363	城防援军	9740	2988	6309	3465	2288	3499	-286	2917	-2214	2900	-786	962	-2512	-2622																						
24364	城防援军	9740	2988	6329	3445	2268	3479	-266	2937	-2194	2880	-806	942	-2492	-2602																						
24365	城防援军	9740	2988	6349	3425	2248	3459	-246	2957	-2174	2860	-826	922	-2472	-2582																						
24366	城防援军	9740	2988	6369	3405	2228	3439	-226	2977	-2154	2840	-846	902	-2452	-2562																						
24367	城防援军	9740	2988	6389	3385	2208	3419	-206	2997	-2134	2820	-866	882	-2432	-2542																						
24368	城防援军	9740	2988	6409	3365	2188	3399	-186	3017	-2114	2800	-886	862	-2412	-2522																						
24369	城防援军	9740	2988	6429	3345	2168	3379	-166	3037	-2094	2780	-906	842	-2392	-2502																						
24370	城防援军	9740	2988	6449	3325	2148	3359	-146	3057	-2074	2760	-926	822	-366	2837	-2294	2980																				
24371	城防援军	9740	2988	6469	3305	2128	3339	-126	3077	-2054	2740	-946	802	-346	2857	-2274	2960																				
24372	城防援军	9740	2988	6489	3285	2108	3319	-106	3097	-2034	2720	-966	782	-326	2877	-2254	2940																				
24373	城防援军	9740	2988	6509	3265	2088	3299	-86	3117	-2014	2700	-986	762	-306	2897	-2234	2920																				
24442	天选之王	12093	-4464	8173	-2274	5635	-1548	3045	-1156	609	-1321	-3956	-911	-286	2917	-2214	2900																				
24443	天选之王	12073	-4444	8153	-2254	5615	-1528	3025	-1136	629	-1341	-3936	-931	-266	2937	-2194	2880																				
24444	天选之王	12053	-4424	8133	-2234	5595	-1508	3005	-1116	649	-1361	-3916	-951	-246	2957	-2174	2860																				
24445	夏天的疯	12033	-4404	8113	-2214	5575	-1488	2985	-1096	669	-1381	-3896	-971	-226	2977	-2154	2840																				
24446	夏天的疯	12013	-4384	8093	-2194	5555	-1468	2965	-1076	689	-1401	-3876	-991	-206	2997	-2134	2820																				
24447	夏天的疯	11993	-4364	8073	-2174	5535	-1448	2945	-1056	709	-1421	-3856	-1011	-186	3017	-2114	2800																				
24448	弄啥嘞	11973	-4344	8053	-2154	5515	-1428	2925	-1036	729	-1441	-3836	-1031	-166	3037	-2094	2780																				
24449	弄啥嘞	11953	-4324	8033	-2134	5495	-1408	2905	-1016	749	-1461	-3816	-1051	-146	3057	-2074	2760																				
24450	弄啥嘞	11933	-4304	8013	-2114	5475	-1388	2885	-996	769	-1481	-3796	-1071	-126	3077	-2054	2740																				
24451	当我吹牛时	11913	-4284	7993	-2094	5455	-1368	2865	-976	789	-1501	-3776	-1091	-106	3097	-2034	2720																				
24452	当我吹牛时	11893	-4264	7973	-2074	5435	-1348	2845	-956	809	-1521	-3756	-1111	-86	3117	-2014	2700																				
24453	当我吹牛时	11873	-4244	7953	-2054	5415	-1328	2825	-936	829	-1541	-3736	-1131	-518	-2419																						
24454	别叫我大佬	11853	-4224	7933	-2034	5395	-1308	2805	-916	849	-1561	-3716	-1151	-538	-2439																						
24455	别叫我大佬	11833	-4204	7913	-2014	5375	-1288	2785	-896	869	-1581	-3696	-1171	-558	-2459																						
24456	别叫我大佬	11813	-4184	7893	-1994	5355	-1268	2765	-876	889	-1601	-3676	-1191	-578	-2479																						
24457	城防援军	-11965	-5663	-11386	-378	-9582	1823	-6491	1573	-5368	-490			-598	-2499																						
24458	城防援军	-11965	-5663	-11366	-358	-9562	1843	-6471	1553	-5348	-470			-618	-2519																						
24459	城防援军	-11965	-5663	-11346	-338	-9542	1863	-6451	1533	-5328	-450			-638	-2539																						
24460	城防援军	-11965	-5663	-11326	-318	-9522	1883	-6431	1513	-5308	-430			-658	-2559																						
24461	城防援军	-11965	-5663	-11306	-298	-9502	1903	-6411	1493	-5288	-410			-678	-2579																						
24462	城防援军	-11965	-5663	-11286	-278	-9482	1923	-6391	1473	-5268	-390			-698	-2599																						
24463	城防援军	-11965	-5663	-11266	-258	-9462	1943	-6371	1453	-5248	-370			-718	-2619																						
24464	城防援军	-11965	-5663	-11246	-238	-9442	1963	-6351	1433	-5228	-350			-738	-2639																						
24465	城防援军	-11965	-5663	-11226	-218	-9422	1983	-6331	1413	-5208	-330			-758	-2659																						
24466	城防援军	-11965	-5663	-11206	-198	-9402	2003	-6311	1393	-5188	-310			-778	-2679																						
24467	城防援军	-11965	-5663	-11186	-178	-9382	2023	-6291	1373	-5168	-290			-798	-2699																						
24468	城防援军	-11965	-5663	-11166	-158	-9362	2043	-6271	1353	-5148	-270			-5368	-490	-6491	1573	-9582	1823	-7942	3014																
24469	城防援军	-11965	-5663	-11146	-138	-9342	2063	-6251	1333	-5128	-250			-5348	-470	-6471	1553	-9562	1843	-7922	3034																
24470	城防援军	-11965	-5663	-11126	-118	-9322	2083	-6231	1313	-5108	-230			-5328	-450	-6451	1533	-9542	1863	-7902	3054																
24471	城防援军	-11965	-5663	-11106	-98	-9302	2103	-6211	1293	-5088	-210			-5308	-430	-6431	1513	-9522	1883	-7882	3074																
306063	少先队员	200	-16100	3353	-4308	9570	-290							-5288	-410	-6411	1493	-9502	1903	-7862	3094																
306064	少先队员	250	-16150	3353	-4308	9570	-290							-5268	-390	-6391	1473	-9482	1923	-7842	3114																
306065	少先队员	300	-16200	3353	-4308	9570	-290							-5248	-370	-6371	1453	-9462	1943	-7822	3134																
306066	赛大挺	350	-16250	3353	-4308	9570	-290							-5228	-350	-6351	1433	-9442	1963	-7802	3154																
306067	赛大挺	400	-16300	3353	-4308	9570	-290							-5208	-330	-6331	1413	-9422	1983	-7782	3174																
306068	赛大挺	450	-16350	3353	-4308	9570	-290							-5188	-310	-6311	1393	-9402	2003	-7762	3194																
306069	要优雅不要污	500	-16400	3353	-4308	9570	-290							-5168	-290	-6291	1373	-9382	2023	-7742	3214																
306070	要优雅不要污	550	-16450	3353	-4308	9570	-290							-5148	-270	-6271	1353	-9362	2043	-7722	3234																
306071	要优雅不要污	600	-16500	3353	-4308	9570	-290							-5128	-250	-6251	1333	-9342	2063	-7702	3254																
305051	大宝剑	2050	-17100	-815	-3614	-814	6164							-5108	-230	-6231	1313	-9322	2083	-7682	3274																
305052	大宝剑	2100	-17150	-815	-3614	-814	6164							-5088	-210	-6211	1293	-9302	2103	-7662	3294																
305053	大宝剑	2150	-17200	-815	-3614	-814	6164																														
305054	大家好才是好	2200	-17250	-815	-3614	-814	6164																														
305055	大家好才是好	2250	-17300	-815	-3614	-814	6164																														
305056	大家好才是好	2300	-17350	-815	-3614	-814	6164																														
305057	奥托曼	2350	-17400	-815	-3614	-814	6164																														
305058	奥托曼	2400	-17450	-815	-3614	-814	6164																														
305059	奥托曼	2450	-17500	-815	-3614	-814	6164																														
304071	玉米大仙	14300	-5000	4293	3683	887	5146	951	3155																												
304072	玉米大仙	14350	-5050	4293	3683	887	5146	951	3155																												
304073	玉米大仙	14400	-5100	4293	3683	887	5146	951	3155																												
304074	骑士王	14450	-5150	4293	3683	887	5146	951	3155																												
304075	骑士王	14500	-5200	4293	3683	887	5146	951	3155																												
304076	骑士王	14550	-5250	4293	3683	887	5146	951	3155																												
304077	三国萌男	14600	-5300	4293	3683	887	5146	951	3155																												
304078	三国萌男	14650	-5350	4293	3683	887	5146	951	3155																												
304079	三国萌男	14700	-5400	4293	3683	887	5146	951	3155																												
303061	哼哈二将	14300	-5000	4293	3683	887	5146	951	3155																												
303062	哼哈二将	14350	-5050	4293	3683	887	5146	951	3155																												
303063	哼哈二将	14400	-5100	4293	3683	887	5146	951	3155																												
303064	旺仔豆奶	14450	-5150	4293	3683	887	5146	951	3155																												
303065	旺仔豆奶	14500	-5200	4293	3683	887	5146	951	3155																												
303066	旺仔豆奶	14550	-5250	4293	3683	887	5146	951	3155																												
303067	777	14600	-5300	4293	3683	887	5146	951	3155																												
303068	777	14650	-5350	4293	3683	887	5146	951	3155																												
303069	777	14700	-5400	4293	3683	887	5146	951	3155																												
308064	99.90%	-12000	-9500	5020	-6943	4290	-2832	2756	-2008																												
308065	99.90%	-12050	-9550	5020	-6943	4290	-2832	2756	-2008																												
308066	99.90%	-12100	-9600	5020	-6943	4290	-2832	2756	-2008																												
308067	好人	-12150	-9650	5020	-6943	4290	-2832	2756	-2008																												
308068	好人	-12200	-9700	5020	-6943	4290	-2832	2756	-2008																												
308069	好人	-12250	-9750	5020	-6943	4290	-2832	2756	-2008																												
308070	魔王	-12300	-9800	5020	-6943	4290	-2832	2756	-2008																												
308071	魔王	-12350	-9850	5020	-6943	4290	-2832	2756	-2008																												
308072	魔王	-12400	-9900	5020	-6943	4290	-2832	2756	-2008																												
307051	八风特	7300	-14800	3374	224	-1176	85																														
307052	八风特	7350	-14850	3374	224	-1176	85																														
307053	八风特	7400	-14900	3374	224	-1176	85																														
307054	铜锣烧	7450	-14950	3374	224	-1176	85																														
307055	铜锣烧	7500	-15000	3374	224	-1176	85																														
307056	铜锣烧	7550	-15050	3374	224	-1176	85																														
307057	虎式	7600	-15100	3374	224	-1176	85																														
307058	虎式	7650	-15150	3374	224	-1176	85																														
307059	虎式	7700	-15200	3374	224	-1176	85																														
300981	黄巾军大元帅	25600	-30400	17524	-19430	8639	-1576	-113	11632	-6037	18173	-4186	19469																								
300982	黄巾军大元帅	25650	-30450	17524	-19430	8639	-1576	-113	11632	-6037	18173	-4186	19469																								
300983	黄巾军大元帅	25700	-30500	17524	-19430	8639	-1576	-113	11632	-6037	18173	-4186	19469																								
300984	专业炮灰	25750	-30550	17524	-19430	8639	-1576	-113	11632	-6037	18173	-4186	19469																								
300985	专业炮灰	25800	-30600	17524	-19430	8639	-1576	-113	11632	-6037	18173	-4186	19469																								
300986	专业炮灰	25850	-30650	17524	-19430	8639	-1576	-113	11632	-6037	18173	-4186	19469																								
300987	为了正义	25900	-30700	17524	-19430	8639	-1576	-113	11632	-6037	18173	-4186	19469																								
300988	为了正义	25950	-30750	17524	-19430	8639	-1576	-113	11632	-6037	18173	-4186	19469																								
300989	为了正义	26000	-30800	17524	-19430	8639	-1576	-113	11632	-6037	18173	-4186	19469																								
302981	三国大魔王	25600	-30400	17524	-19430	8639	-1576	-113	11632	-6037	18173	-4186	19469																								
302982	三国大魔王	25650	-30450	17524	-19430	8639	-1576	-113	11632	-6037	18173	-4186	19469																								
302983	三国大魔王	25700	-30500	17524	-19430	8639	-1576	-113	11632	-6037	18173	-4186	19469																								
302984	AKIHA	25750	-30550	17524	-19430	8639	-1576	-113	11632	-6037	18173	-4186	19469																								
302985	AKIHA	25800	-30600	17524	-19430	8639	-1576	-113	11632	-6037	18173	-4186	19469																								
302986	AKIHA	25850	-30650	17524	-19430	8639	-1576	-113	11632	-6037	18173	-4186	19469																								
302987	就是这个味	25900	-30700	17524	-19430	8639	-1576	-113	11632	-6037	18173	-4186	19469																								
302988	就是这个味	25950	-30750	17524	-19430	8639	-1576	-113	11632	-6037	18173	-4186	19469																								
302989	就是这个味	26000	-30800	17524	-19430	8639	-1576	-113	11632	-6037	18173	-4186	19469																								
301981	想去吹吹疯	25600	-30400	17524	-19430	8639	-1576	-113	11632	-6037	18173	-4186	19469																								
301982	想去吹吹疯	25650	-30450	17524	-19430	8639	-1576	-113	11632	-6037	18173	-4186	19469																								
301983	想去吹吹疯	25700	-30500	17524	-19430	8639	-1576	-113	11632	-6037	18173	-4186	19469																								
301984	柏木由纪	25750	-30550	17524	-19430	8639	-1576	-113	11632	-6037	18173	-4186	19469																								
301985	柏木由纪	25800	-30600	17524	-19430	8639	-1576	-113	11632	-6037	18173	-4186	19469																								
301986	柏木由纪	25850	-30650	17524	-19430	8639	-1576	-113	11632	-6037	18173	-4186	19469																								
301987	上官人	25900	-30700	17524	-19430	8639	-1576	-113	11632	-6037	18173	-4186	19469																								
301988	上官人	25950	-30750	17524	-19430	8639	-1576	-113	11632	-6037	18173	-4186	19469																								
301989	上官人	26000	-30800	17524	-19430	8639	-1576	-113	11632	-6037	18173	-4186	19469	-6008	16989	-3060	19038																				
10120	波才	-537	-57	-9376	-9193	5794	-21	-9182	5379					-6008	16989	-3060	19038																				
10121	张曼成	-537	-57	-9376	-9193	5794	-21	-9182	5379					-6008	16989	-3060	19038																				
10122	何仪	-537	-57	-9376	-9193	5794	-21	-9182	5379					-6008	16989	-3060	19038																				
10123	张角	-537	-57	-9376	-9193	5794	-21	-9182	5379					-6008	16989	-3060	19038																				
10124	张宝	-537	-57	-9376	-9193	5794	-21	-9182	5379					-6008	16989	-3060	19038																				
10125	张梁	-537	-57	-9376	-9193	5794	-21	-9182	5379					-6008	16989	-3060	19038																				
10126	张牛角	-537	-57	-9376	-9193	5794	-21	-9182	5379					-6008	16989	-3060	19038																				
10127	张燕	-537	-57	-9376	-9193	5794	-21	-9182	5379					-6008	16989	-3060	19038																				
10128	眭固	-537	-57	-9376	-9193	5794	-21	-9182	5379					-6008	16989	-3060	19038																				
10129	于毒	-537	-57	-9376	-9193	5794	-21	-9182	5379					-6008	16989	-3060	19038																				
10130	孟获	-537	-57	-9376	-9193	5794	-21	-9182	5379					-6008	16989	-3060	19038																				
10131	木鹿大王	-537	-57	-9376	-9193	5794	-21	-9182	5379					-6008	16989	-3060	19038																				
10132	金环三结	-537	-57	-9376	-9193	5794	-21	-9182	5379					-6008	16989	-3060	19038																				
10133	兀突骨	-537	-57	-9376	-9193	5794	-21	-9182	5379					-6008	16989	-3060	19038																				
10134	带来洞主	-537	-57	-9376	-9193	5794	-21	-9182	5379					-6008	16989	-3060	19038																				
10135	韩遂	-537	-57	-9376	-9193	5794	-21	-9182	5379					-6008	16989	-3060	19038																				
10136	边章	-537	-57	-9376	-9193	5794	-21	-9182	5379					-6008	16989	-3060	19038																				
10137	北宫伯玉	-537	-57	-9376	-9193	5794	-21	-9182	5379					-6008	16989	-3060	19038																				
														-6008	16989	-3060	19038																				
														-6008	16989	-3060	19038																				
														-6008	16989	-3060	19038																				
														-6008	16989	-3060	19038																				
														-6008	16989	-3060	19038																				
														-6008	16989	-3060	19038																				
														-6008	16989	-3060	19038																				
														-6008	16989	-3060	19038																				
