id	lv	工坊lv	消耗铜钱	官职	消耗道具	name	兵种	abstractid	攻速	CD缩减	移动速度	护甲值	魔甲	格挡几率	攻击力	生命值	暴击率	闪避率	攻城攻击力	攻击距离	命中率	穿透	法术穿透	潜行	反潜行	视野	无视闪避	反弹物伤	反弹法伤	物理吸血	法术吸血	暴击剑	溅射	物伤加深	法伤加深	equipid	物伤加成	法伤加成	回复效果
30000	0	0	300			青铜铸造术	-1	20007																															
30000	1	1	600				-1	20007							10	10																							
30000	2	2	900				-1	20007							20	20																							
30000	3	3	1200				-1	20007							30	30																							
30000	4	4	1500				-1	20007							40	40																							
30000	5	5	1800				-1	20007							50	50																							
30000	6	6	2100				-1	20007							60	60																							
30000	7	7	2400				-1	20007							70	70																							
30000	8	8	2700				-1	20007							80	80																							
30000	9	9	3000				-1	20007							90	90																							
30000	10	10	3300				-1	20007							100	100																							
30000	11	11	3600				-1	20007							110	110																							
30000	12	12	3900				-1	20007							120	120																							
30000	13	13	4200				-1	20007							130	130																							
30000	14	14	4500				-1	20007							140	140																							
30000	15	15	4800				-1	20007							150	150																							
30000	16	16	5100				-1	20007							160	160																							
30000	17	17	5400				-1	20007							170	170																							
30000	18	18	5700				-1	20007							180	180																							
30000	19	19	6000				-1	20007							190	190																							
30000	20	20	0				-1	20007							200	200																							
30001	0	20	6000			韧性铸铁法	-1	20008|20501																															
30001	1	21	6600				-1	20008|20501				10				10																							
30001	2	22	7200				-1	20008|20501				20				20																							
30001	3	23	7800				-1	20008|20501				30				30																							
30001	4	24	8400				-1	20008|20501				40				40																							
30001	5	25	9000				-1	20008|20501				50				50																							
30001	6	26	9600				-1	20008|20501				60				60																							
30001	7	27	10200				-1	20008|20501				70				70																							
30001	8	28	10800				-1	20008|20501				80				80																							
30001	9	29	11400				-1	20008|20501				90				90																							
30001	10	30	12000				-1	20008|20501				100				100																							
30001	11	31	12600				-1	20008|20501				110				110																							
30001	12	32	13200				-1	20008|20501				120				120																							
30001	13	33	13800				-1	20008|20501				130				130																							
30001	14	34	14400				-1	20008|20501				140				140																							
30001	15	35	0				-1	20008|20501				150				150																							
30002	0	35	15000			坩埚炼铁法	-1	20009|20504																															
30002	1	36	18000				-1	20009|20504				10				10																							
30002	2	37	21000				-1	20009|20504				20				20																							
30002	3	38	24000				-1	20009|20504				30				30																							
30002	4	39	27000				-1	20009|20504				40				40																							
30002	5	40	30000				-1	20009|20504				50				50																							
30002	6	41	33000				-1	20009|20504				60				60																							
30002	7	42	36000				-1	20009|20504				70				70																							
30002	8	43	39000				-1	20009|20504				80				80																							
30002	9	44	42000				-1	20009|20504				90				90																							
30002	10	45	45000				-1	20009|20504				100				100																							
30002	11	46	48000				-1	20009|20504				110				110																							
30002	12	47	51000				-1	20009|20504				120				120																							
30002	13	48	54000				-1	20009|20504				130				130																							
30002	14	49	57000				-1	20009|20504				140				140																							
30002	15	50	0				-1	20009|20504				150				150																							
30003	0	50	60000			炒钢法	-1	20011|20010																															
30003	1	51	63000				-1	20011|20010				15				15																							
30003	2	52	66000				-1	20011|20010				30				30																							
30003	3	53	69000				-1	20011|20010				45				45																							
30003	4	54	72000				-1	20011|20010				60				60																							
30003	5	55	75000				-1	20011|20010				75				75																							
30003	6	56	78000				-1	20011|20010				90				90																							
30003	7	57	81000				-1	20011|20010				105				105																							
30003	8	58	84000				-1	20011|20010				120				120																							
30003	9	59	87000				-1	20011|20010				135				135																							
30003	10	60	0				-1	20011|20010				150				150																							
30004	0	60	90000			百炼钢秘术	-1	20503|20012																															
30004	1	61	105000				-1	20503|20012				10				10																							
30004	2	62	120000				-1	20503|20012				20				20																							
30004	3	63	135000				-1	20503|20012				30				30																							
30004	4	64	150000				-1	20503|20012				40				40																							
30004	5	65	165000				-1	20503|20012				50				50																							
30004	6	66	180000				-1	20503|20012				60				60																							
30004	7	67	195000				-1	20503|20012				70				70																							
30004	8	68	210000				-1	20503|20012				80				80																							
30004	9	69	225000				-1	20503|20012				90				90																							
30004	10	70	240000				-1	20503|20012				100				100																							
30004	11	71	255000				-1	20503|20012				110				110																							
30004	12	72	270000				-1	20503|20012				120				120																							
30004	13	73	285000				-1	20503|20012				130				130																							
30004	14	74	300000				-1	20503|20012				140				140																							
30004	15	75	0				-1	20503|20012				150				150																							
30005	0	20	6000			黑山铁甲	-1	20501																															
30005	1	21	6600				-1	20501										30																					
30005	2	22	7200				-1	20501										60																					
30005	3	23	7800				-1	20501										90																					
30005	4	24	8400				-1	20501										120																					
30005	5	25	9000				-1	20501										150																					
30005	6	26	9600				-1	20501							10			180																					
30005	7	27	10200				-1	20501							20			210																					
30005	8	28	10800				-1	20501							30			240																					
30005	9	29	11400				-1	20501							40			270																					
30005	10	30	12000				-1	20501							50			300																					
30005	11	31	12600				-1	20501							60			330																					
30005	12	32	13200				-1	20501							70			360																					
30005	13	33	13800				-1	20501							80			390																					
30005	14	34	14400				-1	20501							90			420																					
30005	15	35	0				-1	20501							100			500																					
30006	0	40	15000			玄铁甲	-1	20504										0																					
30006	1	41	18000				-1	20504										30																					
30006	2	42	21000				-1	20504										60																					
30006	3	43	24000				-1	20504										90																					
30006	4	44	27000				-1	20504										120																					
30006	5	45	30000				-1	20504										150																					
30006	6	46	33000				-1	20504							10			180																					
30006	7	47	36000				-1	20504							20			210																					
30006	8	48	39000				-1	20504							30			240																					
30006	9	49	42000				-1	20504							40			270																					
30006	10	50	45000				-1	20504							50			300																					
30006	11	51	48000				-1	20504							60			330																					
30006	12	52	51000				-1	20504							70			360																					
30006	13	53	54000				-1	20504							80			390																					
30006	14	54	57000				-1	20504							90			420																					
30006	15	80	3000000				-1	20504							100			500																					
30006	16	80	0				-1	20504							100			750																					
30007	0	55	60000			明光铠	-1	20010										0																					
30007	1	56	63000				-1	20010										30																					
30007	2	57	66000				-1	20010										60																					
30007	3	58	69000				-1	20010										90																					
30007	4	59	72000				-1	20010										120																					
30007	5	60	75000				-1	20010										150																					
30007	6	61	78000				-1	20010							10			180																					
30007	7	62	81000				-1	20010							20			210																					
30007	8	63	84000				-1	20010							30			240																					
30007	9	64	87000				-1	20010							40			270																					
30007	10	65	90000				-1	20010							50			300																					
30007	11	66	105000				-1	20010							60			330																					
30007	12	67	120000				-1	20010							70			360																					
30007	13	68	135000				-1	20010							80			390																					
30007	14	69	150000				-1	20010							90			420																					
30007	15	80	3000000				-1	20010							100			500																					
30007	16	80	5000000	21	7556|50		-1	20010							100			500																		24320			
30007	17	80	0				-1	20010							100			500																		24321			
30008	0	70	165000			黑光铠	-1	20012										0																					
30008	1	71	180000				-1	20012							10			50																					
30008	2	72	195000				-1	20012							20			100																					
30008	3	73	210000				-1	20012							30			150																					
30008	4	74	225000				-1	20012							40			200																					
30008	5	75	240000				-1	20012							50			250																					
30008	6	76	255000				-1	20012							60			300																					
30008	7	77	270000				-1	20012							70			350																					
30008	8	78	285000				-1	20012							80			400																					
30008	9	79	300000				-1	20012							90			450																					
30008	10	80	7000000	23	7556|250		-1	20012							100			500																					
30008	11	80	7500000	23	7556|300		-1	20012							100			500																		24374			
30008	12	80	8000000	23	7556|350		-1	20012							100			500																		24375			
30008	13	80	0				-1	20012							100			500																		24376			
30009	0	55	60000			虎头刀	-1	20010																															
30009	1	56	63000				-1	20010	10																														
30009	2	57	66000				-1	20010	20																														
30009	3	58	69000				-1	20010	30																														
30009	4	59	72000				-1	20010	40																														
30009	5	60	75000				-1	20010	50																														
30009	6	61	78000				-1	20010	50								50																						
30009	7	62	81000				-1	20010	50								100																						
30009	8	63	84000				-1	20010	50								150																						
30009	9	64	87000				-1	20010	50								200																						
30009	10	65	90000				-1	20010	50								250																						
30009	11	66	105000				-1	20010	50								300																						
30009	12	67	120000				-1	20010	50								350																						
30009	13	68	135000				-1	20010	50								400																						
30009	14	69	150000				-1	20010	50								450																						
30009	15	80	5500000	22	7556|100		-1	20010	50								500																						
30009	16	80	6000000	22	7556|150		-1	20010	50								500																			24322			
30009	17	80	0				-1	20010	50								500																			24323			
30010	0	70	165000			百炼狼牙棒	-1	20012																															
30010	1	71	180000				-1	20012	10								50																						
30010	2	72	195000				-1	20012	20								100																						
30010	3	73	210000				-1	20012	30								150																						
30010	4	74	225000				-1	20012	40								200																						
30010	5	75	240000				-1	20012	50								250																						
30010	6	76	255000				-1	20012	50								300																						
30010	7	77	270000				-1	20012	50								350																						
30010	8	78	285000				-1	20012	50								400																						
30010	9	79	300000				-1	20012	50								450																						
30010	10	80	5000000				-1	20012	50								500																						
30010	11	80	5500000	21	7556|100		-1	20012	50								500																			24370			
30010	12	80	6000000	22	7556|150		-1	20012	50								500																			24371			
30010	13	80	6500000	22	7556|200		-1	20012	50								500																			24372			
30010	14	80	0				-1	20012	50								500																			24373			
30011	0	20	6000			包铁木盾	-1	20008																															
30011	1	21	6600				-1	20008						50																									
30011	2	22	7200				-1	20008						100																									
30011	3	23	7800				-1	20008						150																									
30011	4	24	8400				-1	20008						200																									
30011	5	25	9000				-1	20008						250																									
30011	6	26	9600				-1	20008				10		300																									
30011	7	27	10200				-1	20008				20		350																									
30011	8	28	10800				-1	20008				30		400																									
30011	9	29	11400				-1	20008				40		450																									
30011	10	30	12000				-1	20008				50		500																									
30011	11	31	12600				-1	20008				60		550																									
30011	12	32	13200				-1	20008				70		600																									
30011	13	33	13800				-1	20008				80		650																									
30011	14	34	14400				-1	20008				90		700																									
30011	15	35	0				-1	20008				100		750																									
30012	0	35	15000			虎卫盾	-1	20009																															
30012	1	36	18000				-1	20009						50																									
30012	2	37	21000				-1	20009						100																									
30012	3	38	24000				-1	20009						150																									
30012	4	39	27000				-1	20009						200																									
30012	5	40	30000				-1	20009						250																									
30012	6	41	33000				-1	20009				10		300																									
30012	7	42	36000				-1	20009				20		350																									
30012	8	43	39000				-1	20009				30		400																									
30012	9	44	42000				-1	20009				40		450																									
30012	10	45	45000				-1	20009				50		500																									
30012	11	46	48000				-1	20009				60		550																									
30012	12	47	51000				-1	20009				70		600																									
30012	13	48	54000				-1	20009				80		650																									
30012	14	49	57000				-1	20009				90		700																									
30012	15	80	3000000				-1	20009				100		750																									
30012	16	80	0				-1	20009				100		1000																									
30013	0	50	60000			精钢盾	-1	20011																															
30013	1	51	63000				-1	20011				10		100																									
30013	2	52	66000				-1	20011				20		170																									
30013	3	53	69000				-1	20011				30		240																									
30013	4	54	72000				-1	20011				40		310																									
30013	5	55	75000				-1	20011				50		380																									
30013	6	56	78000				-1	20011				60		450																									
30013	7	57	81000				-1	20011				70		520																									
30013	8	58	84000				-1	20011				80		590																									
30013	9	59	87000				-1	20011				90		660																									
30013	10	80	5500000	22	7556|100		-1	20011				100		750																									
30013	11	80	6000000	22	7556|150		-1	20011				100		750																						24312			
30013	12	80	0				-1	20011				100		750																						24313			
30014	0	60	90000			秘制藤甲	-1	20503																															
30014	1	61	105000				-1	20503						50																									
30014	2	62	120000				-1	20503						100																									
30014	3	63	135000				-1	20503						150																									
30014	4	64	150000				-1	20503						200																									
30014	5	65	165000				-1	20503						250																									
30014	6	66	180000				-1	20503				10		300																									
30014	7	67	195000				-1	20503				20		350																									
30014	8	68	210000				-1	20503				30		400																									
30014	9	69	225000				-1	20503				40		450																									
30014	10	70	240000				-1	20503				50		500																									
30014	11	71	255000				-1	20503				60		550																									
30014	12	72	270000				-1	20503				70		600																									
30014	13	73	285000				-1	20503				80		650																									
30014	14	74	300000				-1	20503				90		700																									
30014	15	80	6000000	22	7556|150		-1	20503				100		750																									
30014	16	80	6500000	22	7556|200		-1	20503				100		750																						24362			
30014	17	80	7000000	23	7556|250		-1	20503				100		750																						24363			
30014	18	80	7500000	23	7556|300		-1	20503				100		750																						24364			
30014	19	80	8000000	23	7556|350		-1	20503				100		750																						24365			
30014	20	80	0				-1	20503				100		750																						24366			
30015	0	50	60000			钢矛	-1	20011																															
30015	1	51	63000				-1	20011							10																								
30015	2	52	66000				-1	20011							20																								
30015	3	53	69000				-1	20011							30																								
30015	4	54	72000				-1	20011							40																								
30015	5	55	75000				-1	20011							50																								
30015	6	56	78000				-1	20011							60																								
30015	7	57	81000				-1	20011							70																								
30015	8	58	84000				-1	20011							80																								
30015	9	59	87000				-1	20011							90																								
30015	10	80	3000000				-1	20011							100																								
30015	11	80	5000000	21	7556|50		-1	20011							100																					24310			
30015	12	80	0				-1	20011							100																					24311			
30016	0	60	90000			百锻钢叉	-1	20503																															
30016	1	61	105000				-1	20503							10																								
30016	2	62	120000				-1	20503							20																								
30016	3	63	135000				-1	20503							30																								
30016	4	64	150000				-1	20503							40																								
30016	5	65	165000				-1	20503							50																								
30016	6	66	180000				-1	20503							60																								
30016	7	67	195000				-1	20503							70																								
30016	8	68	210000				-1	20503							80																								
30016	9	69	225000				-1	20503							90																								
30016	10	70	240000				-1	20503							100																								
30016	11	71	255000				-1	20503							110																								
30016	12	72	270000				-1	20503							120																								
30016	13	73	285000				-1	20503							130																								
30016	14	74	300000				-1	20503							140																								
30016	15	80	5000000				-1	20503							150																								
30016	16	80	5500000	21	7556|100		-1	20503							150																					24360			
30016	17	80	0				-1	20503							150																					24361			
30100	0	0	300			铜首羽箭	-1	20001																															
30100	1	1	600				-1	20001							20																								
30100	2	2	900				-1	20001							40																								
30100	3	3	1200				-1	20001							60																								
30100	4	4	1500				-1	20001							80																								
30100	5	5	1800				-1	20001							100																								
30100	6	6	2100				-1	20001							120																								
30100	7	7	2400				-1	20001							140																								
30100	8	8	2700				-1	20001							160																								
30100	9	9	3000				-1	20001							180																								
30100	10	10	3300				-1	20001							200																								
30100	11	11	3600				-1	20001							220																								
30100	12	12	3900				-1	20001							240																								
30100	13	13	4200				-1	20001							260																								
30100	14	14	4500				-1	20001							280																								
30100	15	15	4800				-1	20001							300																								
30100	16	16	5100				-1	20001							320																								
30100	17	17	5400				-1	20001							340																								
30100	18	18	5700				-1	20001							360																								
30100	19	19	6000				-1	20001							380																								
30100	20	20	0				-1	20001							400																								
30101	0	20	6000			淬毒术	-1	20507|20002																															
30101	1	21	6600				-1	20507|20002								10																							
30101	2	22	7200				-1	20507|20002								20																							
30101	3	23	7800				-1	20507|20002								30																							
30101	4	24	8400				-1	20507|20002								40																							
30101	5	25	9000				-1	20507|20002								50																							
30101	6	26	9600				-1	20507|20002							10	60																							
30101	7	27	10200				-1	20507|20002							20	70																							
30101	8	28	10800				-1	20507|20002							30	80																							
30101	9	29	11400				-1	20507|20002							40	90																							
30101	10	30	12000				-1	20507|20002							50	100																							
30101	11	31	12600				-1	20507|20002							60	100																							
30101	12	32	13200				-1	20507|20002							70	100																							
30101	13	33	13800				-1	20507|20002							80	100																							
30101	14	34	14400				-1	20507|20002							90	100																							
30101	15	35	0				-1	20507|20002							100	100																							
30102	0	35	15000			打磨开刃法	-1	20505|20003																															
30102	1	36	18000				-1	20505|20003								10																							
30102	2	37	21000				-1	20505|20003								20																							
30102	3	38	24000				-1	20505|20003								30																							
30102	4	39	27000				-1	20505|20003								40																							
30102	5	40	30000				-1	20505|20003								50																							
30102	6	41	33000				-1	20505|20003							10	60																							
30102	7	42	36000				-1	20505|20003							20	70																							
30102	8	43	39000				-1	20505|20003							30	80																							
30102	9	44	42000				-1	20505|20003							40	90																							
30102	10	45	45000				-1	20505|20003							50	100																							
30102	11	46	48000				-1	20505|20003							60	100																							
30102	12	47	51000				-1	20505|20003							70	100																							
30102	13	48	54000				-1	20505|20003							80	100																							
30102	14	49	57000				-1	20505|20003							90	100																							
30102	15	50	0				-1	20505|20003							100	100																							
30103	0	50	60000			锥头箭	-1	20004|20005																															
30103	1	51	63000				-1	20004|20005							10	10																							
30103	2	52	66000				-1	20004|20005							20	20																							
30103	3	53	69000				-1	20004|20005							30	30																							
30103	4	54	72000				-1	20004|20005							40	40																							
30103	5	55	75000				-1	20004|20005							50	50																							
30103	6	56	78000				-1	20004|20005							60	60																							
30103	7	57	81000				-1	20004|20005							70	70																							
30103	8	58	84000				-1	20004|20005							80	80																							
30103	9	59	87000				-1	20004|20005							90	90																							
30103	10	60	0				-1	20004|20005							100	100																							
30104	0	60	90000			倒刺箭	-1	20006|20023																															
30104	1	61	105000				-1	20006|20023								10																							
30104	2	62	120000				-1	20006|20023								20																							
30104	3	63	135000				-1	20006|20023								30																							
30104	4	64	150000				-1	20006|20023								40																							
30104	5	65	165000				-1	20006|20023								50																							
30104	6	66	180000				-1	20006|20023							10	60																							
30104	7	67	195000				-1	20006|20023							20	70																							
30104	8	68	210000				-1	20006|20023							30	80																							
30104	9	69	225000				-1	20006|20023							40	90																							
30104	10	70	240000				-1	20006|20023							50	100																							
30104	11	71	255000				-1	20006|20023							60	100																							
30104	12	72	270000				-1	20006|20023							70	100																							
30104	13	73	285000				-1	20006|20023							80	100																							
30104	14	74	300000				-1	20006|20023							90	100																							
30104	15	75	0				-1	20006|20023							100	100																							
30105	0	20	6000			柳叶刀	-1	20002																															
30105	1	21	6600				-1	20002							10																								
30105	2	22	7200				-1	20002							20																								
30105	3	23	7800				-1	20002							30																								
30105	4	24	8400				-1	20002							40																								
30105	5	25	9000				-1	20002							50																								
30105	6	26	9600				-1	20002							60		50																						
30105	7	27	10200				-1	20002							70		100																						
30105	8	28	10800				-1	20002							80		150																						
30105	9	29	11400				-1	20002							90		200																						
30105	10	30	12000				-1	20002							100		250																						
30105	11	31	12600				-1	20002							110		300																						
30105	12	32	13200				-1	20002							120		350																						
30105	13	33	13800				-1	20002							130		400																						
30105	14	34	14400				-1	20002							140		450																						
30105	15	35	0				-1	20002							150		500																						
30106	0	35	15000			三尾标枪	-1	20505																															
30106	1	36	18000				-1	20505							10																								
30106	2	37	21000				-1	20505							20																								
30106	3	38	24000				-1	20505							30																								
30106	4	39	27000				-1	20505							40																								
30106	5	40	30000				-1	20505							50																								
30106	6	41	33000				-1	20505							60		50																						
30106	7	42	36000				-1	20505							70		100																						
30106	8	43	39000				-1	20505							80		150																						
30106	9	44	42000				-1	20505							90		200																						
30106	10	45	45000				-1	20505							100		250																						
30106	11	46	48000				-1	20505							110		300																						
30106	12	47	51000				-1	20505							120		350																						
30106	13	48	54000				-1	20505							130		400																						
30106	14	49	57000				-1	20505							140		450																						
30106	15	80	3000000				-1	20505							150		500																						
30106	16	80	0				-1	20505							150		500					150																	
30107	0	50	60000			虎贲弓	-1	20005																															
30107	1	51	63000				-1	20005							15		50																						
30107	2	52	66000				-1	20005							30		100																						
30107	3	53	69000				-1	20005							45		150																						
30107	4	54	72000				-1	20005							60		200																						
30107	5	55	75000				-1	20005							75		250																						
30107	6	56	78000				-1	20005							90		300																						
30107	7	57	81000				-1	20005							105		350																						
30107	8	58	84000				-1	20005							120		400																						
30107	9	59	87000				-1	20005							135		450																						
30107	10	80	5500000	22	7556|100		-1	20005							150		500																						
30107	11	80	6000000	22	7556|150		-1	20005							150		500																			24300			
30107	12	80	0				-1	20005							150		500																			24301			
30108	0	60	90000			角端弓	-1	20023																															
30108	1	61	105000				-1	20023							10																								
30108	2	62	120000				-1	20023							20																								
30108	3	63	135000				-1	20023							30																								
30108	4	64	150000				-1	20023							40																								
30108	5	65	165000				-1	20023							50																								
30108	6	66	180000				-1	20023							60		50																						
30108	7	67	195000				-1	20023							70		100																						
30108	8	68	210000				-1	20023							80		150																						
30108	9	69	225000				-1	20023							90		200																						
30108	10	70	240000				-1	20023							100		250																						
30108	11	71	255000				-1	20023							110		300																						
30108	12	72	270000				-1	20023							120		350																						
30108	13	73	285000				-1	20023							130		400																						
30108	14	74	300000				-1	20023							140		450																						
30108	15	80	5000000				-1	20023							150		500																						
30108	16	80	5500000	21	7556|100		-1	20023							250		500																						
30108	17	80	6000000	22	7556|150		-1	20023							350		500																						
30108	18	80	6500000	22	7556|200		-1	20023							350		500																			24350			
30108	19	80	0				-1	20023							350		500																			24351			
30109	0	50	60000			鱼鳞甲	-1	20005																															
30109	1	51	63000				-1	20005				5										10																	
30109	2	52	66000				-1	20005				10										20																	
30109	3	53	69000				-1	20005				15										30																	
30109	4	54	72000				-1	20005				20										40																	
30109	5	55	75000				-1	20005				25										50																	
30109	6	56	78000				-1	20005				30										60																	
30109	7	57	81000				-1	20005				35										70																	
30109	8	58	84000				-1	20005				40										80																	
30109	9	59	87000				-1	20005				45										90																	
30109	10	80	3000000				-1	20005				50										100																	
30109	11	80	5000000	21	7556|50		-1	20005				50			100							100																	
30109	12	80	0				-1	20005				50			200							100																	
30110	0	60	90000			蒲元刀	-1	20023																															
30110	1	61	105000				-1	20023														10																	
30110	2	62	120000				-1	20023														25																	
30110	3	63	135000				-1	20023														40																	
30110	4	64	150000				-1	20023														55																	
30110	5	65	165000				-1	20023														70																	
30110	6	66	180000				-1	20023														85																	
30110	7	67	195000				-1	20023														100																	
30110	8	68	210000				-1	20023														115																	
30110	9	69	225000				-1	20023														130																	
30110	10	70	240000				-1	20023														145																	
30110	11	71	255000				-1	20023														160																	
30110	12	72	270000				-1	20023														175																	
30110	13	73	285000				-1	20023														190																	
30110	14	74	300000				-1	20023														205																	
30110	15	80	7000000	23	7556|250		-1	20023														220																	
30110	16	80	7500000	23	7556|300		-1	20023														220														24352			
30110	17	80	8000000	23	7556|350		-1	20023														220														24353			
30110	18	80	0				-1	20023														220														24354			
30111	0	20	6000			损弩	-1	20507																															
30111	1	21	6600				-1	20507	10																														
30111	2	22	7200				-1	20507	15																														
30111	3	23	7800				-1	20507	20																														
30111	4	24	8400				-1	20507	25																														
30111	5	25	9000				-1	20507	30																														
30111	6	26	9600				-1	20507	35								50																						
30111	7	27	10200				-1	20507	40								100																						
30111	8	28	10800				-1	20507	45								150																						
30111	9	29	11400				-1	20507	50								200																						
30111	10	30	12000				-1	20507	55								250																						
30111	11	31	12600				-1	20507	60								300																						
30111	12	32	13200				-1	20507	70								350																						
30111	13	33	13800				-1	20507	80								400																						
30111	14	34	14400				-1	20507	90								450																						
30111	15	35	0				-1	20507	100								500																						
30112	0	40	15000			汉弩	-1	20003																															
30112	1	41	18000				-1	20003	10																														
30112	2	42	21000				-1	20003	15																														
30112	3	43	24000				-1	20003	20																														
30112	4	44	27000				-1	20003	25																														
30112	5	45	30000				-1	20003	30																														
30112	6	46	33000				-1	20003	35								50																						
30112	7	47	36000				-1	20003	40								100																						
30112	8	48	39000				-1	20003	45								150																						
30112	9	49	42000				-1	20003	50								200																						
30112	10	50	45000				-1	20003	55								250																						
30112	11	51	48000				-1	20003	60								300																						
30112	12	52	51000				-1	20003	70								350																						
30112	13	53	54000				-1	20003	80								400																						
30112	14	54	57000				-1	20003	90								450																						
30112	15	80	3000000				-1	20003	100								500																						
30112	16	80	0				-1	20003	100								1000																						
30113	0	55	60000			先登强弩	-1	20004																															
30113	1	56	63000				-1	20004	10																														
30113	2	57	66000				-1	20004	15																														
30113	3	58	69000				-1	20004	20																														
30113	4	59	72000				-1	20004	25																														
30113	5	60	75000				-1	20004	30																														
30113	6	61	78000				-1	20004	35								50																						
30113	7	62	81000				-1	20004	40								100																						
30113	8	63	84000				-1	20004	45								150																						
30113	9	64	87000				-1	20004	50								200																						
30113	10	65	90000				-1	20004	55								250																						
30113	11	66	105000				-1	20004	60								300																						
30113	12	67	120000				-1	20004	70								350																						
30113	13	68	135000				-1	20004	80								400																						
30113	14	69	150000				-1	20004	90								450																						
30113	15	80	3000000				-1	20004	100								500																						
30113	16	80	5000000	21	7556|50		-1	20004	100								500															150							
30113	17	80	0				-1	20004	100								500															300							
30114	0	70	165000			元戎弩	-1	20006																															
30114	1	71	180000				-1	20006	10								50																						
30114	2	72	195000				-1	20006	20								100																						
30114	3	73	210000				-1	20006	30								150																						
30114	4	74	225000				-1	20006	40								200																						
30114	5	75	240000				-1	20006	50								250																						
30114	6	76	255000				-1	20006	60								300																						
30114	7	77	270000				-1	20006	70								350																						
30114	8	78	285000				-1	20006	80								400																						
30114	9	79	300000				-1	20006	90								450																						
30114	10	80	5000000				-1	20006	100								500																						
30114	11	80	5500000	21	7556|100		-1	20006	100								500													80									
30114	12	80	6000000	22	7556|150		-1	20006	300								500													80									
30114	13	80	6500000	22	7556|200		-1	20006	300								500													80							150		
30114	14	80	0				-1	20006	300								500													80							300		
30115	0	55	60000			兽筋弦	-1	20004																															
30115	1	56	63000				-1	20004												10																			
30115	2	57	66000				-1	20004												20																			
30115	3	58	69000				-1	20004												30																			
30115	4	59	72000				-1	20004												40																			
30115	5	60	75000				-1	20004												50																			
30115	6	61	78000				-1	20004												60																			
30115	7	62	81000				-1	20004												70																			
30115	8	63	84000				-1	20004												80																			
30115	9	64	87000				-1	20004												90																			
30115	10	65	90000				-1	20004												100																			
30115	11	66	105000				-1	20004												110																			
30115	12	67	120000				-1	20004												120																			
30115	13	68	135000				-1	20004												130																			
30115	14	69	150000				-1	20004												140																			
30115	15	80	5500000	22	7556|100		-1	20004												150																			
30115	16	80	6000000	22	7556|150		-1	20004									1000			150																			
30115	17	80	0				-1	20004									1000			250																			
30116	0	70	165000			复合弦	-1	20006																															
30116	1	71	180000				-1	20006												40																			
30116	2	72	195000				-1	20006												80																			
30116	3	73	210000				-1	20006												120																			
30116	4	74	225000				-1	20006												160																			
30116	5	75	240000				-1	20006												200																			
30116	6	76	255000				-1	20006												240																			
30116	7	77	270000				-1	20006												280																			
30116	8	78	285000				-1	20006												320																			
30116	9	79	300000				-1	20006												360																			
30116	10	80	7000000	23	7556|250		-1	20006												400																			
30116	11	80	7500000	23	7556|300		-1	20006												400																24340			
30116	12	80	8000000	23	7556|350		-1	20006												400																24341			
30116	13	80	0				-1	20006												400																24342			
30200	0	20	6000			驱马术	-1	20013|20509																															
30200	1	21	6600				-1	20013|20509				10				10																							
30200	2	22	7200				-1	20013|20509				15				15																							
30200	3	23	7800				-1	20013|20509				20				20																							
30200	4	24	8400				-1	20013|20509				25				25																							
30200	5	25	9000				-1	20013|20509				30				30																							
30200	6	26	9600				-1	20013|20509				35				35																							
30200	7	27	10200				-1	20013|20509				40				40																							
30200	8	28	10800				-1	20013|20509				45				45																							
30200	9	29	11400				-1	20013|20509				50				50																							
30200	10	30	12000				-1	20013|20509				55				55																							
30200	11	31	12600				-1	20013|20509				60				60																							
30200	12	32	13200				-1	20013|20509				70				70																							
30200	13	33	13800				-1	20013|20509				80				80																							
30200	14	34	14400				-1	20013|20509				90				90																							
30200	15	35	0				-1	20013|20509				100				100																							
30201	0	35	15000			燕云骑术	-1	20014|20015																															
30201	1	36	18000				-1	20014|20015				10				10																							
30201	2	37	21000				-1	20014|20015				15				15																							
30201	3	38	24000				-1	20014|20015				20				20																							
30201	4	39	27000				-1	20014|20015				25				25																							
30201	5	40	30000				-1	20014|20015				30				30																							
30201	6	41	33000				-1	20014|20015				35				35																							
30201	7	42	36000				-1	20014|20015				40				40																							
30201	8	43	39000				-1	20014|20015				45				45																							
30201	9	44	42000				-1	20014|20015				50				50																							
30201	10	45	45000				-1	20014|20015				55				55																							
30201	11	46	48000				-1	20014|20015				60				60																							
30201	12	47	51000				-1	20014|20015				70				70																							
30201	13	48	54000				-1	20014|20015				80				80																							
30201	14	49	57000				-1	20014|20015				90				90																							
30201	15	50	0				-1	20014|20015				100				100																							
30202	0	50	60000			伯乐相马术	-1	20510|20016																															
30202	1	51	63000				-1	20510|20016				10				10																							
30202	2	52	66000				-1	20510|20016				20				20																							
30202	3	53	69000				-1	20510|20016				30				30																							
30202	4	54	72000				-1	20510|20016				40				40																							
30202	5	55	75000				-1	20510|20016				50				50																							
30202	6	56	78000				-1	20510|20016				60				60																							
30202	7	57	81000				-1	20510|20016				70				70																							
30202	8	58	84000				-1	20510|20016				80				80																							
30202	9	59	87000				-1	20510|20016				90				90																							
30202	10	60	0				-1	20510|20016				100				100																							
30203	0	60	90000			驭兽术	-1	20018|20017																															
30203	1	61	105000				-1	20018|20017				10				10																							
30203	2	62	120000				-1	20018|20017				15				15																							
30203	3	63	135000				-1	20018|20017				20				20																							
30203	4	64	150000				-1	20018|20017				25				25																							
30203	5	65	165000				-1	20018|20017				30				30																							
30203	6	66	180000				-1	20018|20017				35				35																							
30203	7	67	195000				-1	20018|20017				40				40																							
30203	8	68	210000				-1	20018|20017				45				45																							
30203	9	69	225000				-1	20018|20017				50				50																							
30203	10	70	240000				-1	20018|20017				55				55																							
30203	11	71	255000				-1	20018|20017				60				60																							
30203	12	72	270000				-1	20018|20017				70				70																							
30203	13	73	285000				-1	20018|20017				80				80																							
30203	14	74	300000				-1	20018|20017				90				90																							
30203	15	75	0				-1	20018|20017				100				100																							
30204	0	20	6000			皮制马具	-1	20013																															
30204	1	21	6600				-1	20013							10								10																
30204	2	22	7200				-1	20013							20								20																
30204	3	23	7800				-1	20013							30								30																
30204	4	24	8400				-1	20013							40								40																
30204	5	25	9000				-1	20013							50								50																
30204	6	26	9600				-1	20013							60								60																
30204	7	27	10200				-1	20013							70								70																
30204	8	28	10800				-1	20013							80								80																
30204	9	29	11400				-1	20013							90								90																
30204	10	30	12000				-1	20013							100								100																
30204	11	31	12600				-1	20013							110								110																
30204	12	32	13200				-1	20013							120								120																
30204	13	33	13800				-1	20013							130								130																
30204	14	34	14400				-1	20013							140								140																
30204	15	35	0				-1	20013							150								150																
30205	0	35	15000			明光马铠	-1	20015																															
30205	1	36	18000				-1	20015							10								10																
30205	2	37	21000				-1	20015							20								20																
30205	3	38	24000				-1	20015							30								30																
30205	4	39	27000				-1	20015							40								40																
30205	5	40	30000				-1	20015							50								50																
30205	6	41	33000				-1	20015							60								60																
30205	7	42	36000				-1	20015							70								70																
30205	8	43	39000				-1	20015							80								80																
30205	9	44	42000				-1	20015							90								90																
30205	10	45	45000				-1	20015							100								100																
30205	11	46	48000				-1	20015							110								110																
30205	12	47	51000				-1	20015							120								120																
30205	13	48	54000				-1	20015							130								130																
30205	14	49	57000				-1	20015							140								140																
30205	15	80	3000000				-1	20015							150								150																
30205	16	80	0				-1	20015							150					300			150																
30206	0	50	60000			飞熊马铠	-1	20510																															
30206	1	51	63000				-1	20510							20								20																
30206	2	52	66000				-1	20510							40								40																
30206	3	53	69000				-1	20510							60								60																
30206	4	54	72000				-1	20510							80								80																
30206	5	55	75000				-1	20510							100								100																
30206	6	56	78000				-1	20510							120								120																
30206	7	57	81000				-1	20510							140								140																
30206	8	58	84000				-1	20510							160								160																
30206	9	59	87000				-1	20510							180								180																
30206	10	80	5500000	22	7556|100		-1	20510							200								200																
30206	11	80	6000000	22	7556|150		-1	20510							200								200															150	
30206	12	80	0				-1	20510							200								200															300	
30207	0	60	90000			精钢马铠	-1	20018																															
30207	1	61	105000				-1	20018							10								10																
30207	2	62	120000				-1	20018							20								20																
30207	3	63	135000				-1	20018							30								30																
30207	4	64	150000				-1	20018							40								40																
30207	5	65	165000				-1	20018							50								50																
30207	6	66	180000				-1	20018							60								60																
30207	7	67	195000				-1	20018							70								70																
30207	8	68	210000				-1	20018							80								80																
30207	9	69	225000				-1	20018							90								90																
30207	10	70	240000				-1	20018							100								100																
30207	11	71	255000				-1	20018							120								120																
30207	12	72	270000				-1	20018							140								140																
30207	13	73	285000				-1	20018							160								160																
30207	14	74	300000				-1	20018							180								180																
30207	15	80	5000000				-1	20018							200								200																
30207	16	80	5500000	21	7556|100		-1	20018							200								200													24390		50	
30207	17	80	6000000	22	7556|150		-1	20018							200								200													24391		100	
30207	18	80	6500000	22	7556|200		-1	20018							200								200													24392		150	
30207	19	80	0				-1	20018							200								200													24393		200	
30208	0	50	60000			飞熊双刃	-1	20510																															
30208	1	51	63000				-1	20510									50																						
30208	2	52	66000				-1	20510									100																						
30208	3	53	69000				-1	20510									150																						
30208	4	54	72000				-1	20510									200																						
30208	5	55	75000				-1	20510									250																						
30208	6	56	78000				-1	20510									300																						
30208	7	57	81000				-1	20510									350																						
30208	8	58	84000				-1	20510									400																						
30208	9	59	87000				-1	20510									450																						
30208	10	80	3000000				-1	20510									500																						
30208	11	80	5000000	21	7556|50		-1	20510									500														150								
30208	12	80	0				-1	20510									500														300								
30209	0	60	90000			眉尖刀	-1	20018																															
30209	1	61	105000				-1	20018									50																						
30209	2	62	120000				-1	20018									100																						
30209	3	63	135000				-1	20018									150																						
30209	4	64	150000				-1	20018									200																						
30209	5	65	165000				-1	20018									250																						
30209	6	66	180000				-1	20018									300																						
30209	7	67	195000				-1	20018									350																						
30209	8	68	210000				-1	20018									400																						
30209	9	69	225000				-1	20018									450																						
30209	10	70	240000				-1	20018									500																						
30209	11	71	255000				-1	20018									550																						
30209	12	72	270000				-1	20018									600																						
30209	13	73	285000				-1	20018									650																						
30209	14	74	300000				-1	20018									700																						
30209	15	80	7000000	23	7556|250		-1	20018									750																						
30209	16	80	7500000	23	7556|300		-1	20018									750																			24394	100		
30209	17	80	8000000	23	7556|350		-1	20018									750																			24395	150		
30209	18	80	0				-1	20018									750																			24396	200		
30210	0	20	6000			皮装马甲	-1	20509																															
30210	1	21	6600				-1	20509				10																											
30210	2	22	7200				-1	20509				20																											
30210	3	23	7800				-1	20509				30																											
30210	4	24	8400				-1	20509				40																											
30210	5	25	9000				-1	20509				50																											
30210	6	26	9600				-1	20509				50				10																							
30210	7	27	10200				-1	20509				50				20																							
30210	8	28	10800				-1	20509				50				30																							
30210	9	29	11400				-1	20509				50				40																							
30210	10	30	12000				-1	20509				50				50																							
30210	11	31	12600				-1	20509				50			10	50																							
30210	12	32	13200				-1	20509				50			20	50																							
30210	13	33	13800				-1	20509				50			30	50																							
30210	14	34	14400				-1	20509				50			40	50																							
30210	15	35	0				-1	20509				50			50	50																							
30211	0	40	15000			铁制马铠	-1	20014																															
30211	1	41	18000				-1	20014				10																											
30211	2	42	21000				-1	20014				20																											
30211	3	43	24000				-1	20014				30																											
30211	4	44	27000				-1	20014				40																											
30211	5	45	30000				-1	20014				50																											
30211	6	46	33000				-1	20014				50				10																							
30211	7	47	36000				-1	20014				50				20																							
30211	8	48	39000				-1	20014				50				30																							
30211	9	49	42000				-1	20014				50				40																							
30211	10	50	45000				-1	20014				50				50																							
30211	11	51	48000				-1	20014				50			10	50																							
30211	12	52	51000				-1	20014				50			20	50																							
30211	13	53	54000				-1	20014				50			30	50																							
30211	14	54	57000				-1	20014				50			40	50																							
30211	15	80	3000000				-1	20014				50			50	50																							
30211	16	80	0				-1	20014				50			50	200																							
30212	0	55	60000			西凉战车	-1	20016																															
30212	1	56	63000				-1	20016				10																											
30212	2	57	66000				-1	20016				20																											
30212	3	58	69000				-1	20016				30																											
30212	4	59	72000				-1	20016				40																											
30212	5	60	75000				-1	20016				50																											
30212	6	61	78000				-1	20016				50				10																							
30212	7	62	81000				-1	20016				50				20																							
30212	8	63	84000				-1	20016				50				30																							
30212	9	64	87000				-1	20016				50				40																							
30212	10	65	90000				-1	20016				50				50																							
30212	11	66	105000				-1	20016				50			10	50																							
30212	12	67	120000				-1	20016				50			20	50																							
30212	13	68	135000				-1	20016				50			30	50																							
30212	14	69	150000				-1	20016				50			40	50																							
30212	15	80	5500000	22	7556|100		-1	20016				50			50	50																							
30212	16	80	6000000	22	7556|150		-1	20016				50			50	50																					300		
30212	17	80	0				-1	20016				50			50	50																					600		
30213	0	70	165000			南蛮象甲	-1	20017																															
30213	1	71	180000				-1	20017				10				10																							
30213	2	72	195000				-1	20017				20				20																							
30213	3	73	210000				-1	20017				30				30																							
30213	4	74	225000				-1	20017				40				40																							
30213	5	75	240000				-1	20017				50				50																							
30213	6	76	255000				-1	20017				50			10	50																							
30213	7	77	270000				-1	20017				50			20	50																							
30213	8	78	285000				-1	20017				50			30	50																							
30213	9	79	300000				-1	20017				50			40	50																							
30213	10	80	6000000	22	7556|150		-1	20017				50			50	50																							
30213	11	80	6500000	22	7556|200		-1	20017				50			50	50																				24380			
30213	12	80	0				-1	20017				50			50	50																				24381			
30214	0	55	60000			西凉战枪	-1	20016																															
30214	1	56	63000				-1	20016									50																						
30214	2	57	66000				-1	20016									75																						
30214	3	58	69000				-1	20016									100																						
30214	4	59	72000				-1	20016									125																						
30214	5	60	75000				-1	20016									150																						
30214	6	61	78000				-1	20016									175																						
30214	7	62	81000				-1	20016									200																						
30214	8	63	84000				-1	20016									225																						
30214	9	64	87000				-1	20016									250																						
30214	10	65	90000				-1	20016									275																						
30214	11	66	105000				-1	20016							10		300																						
30214	12	67	120000				-1	20016							20		350																						
30214	13	68	135000				-1	20016							30		400																						
30214	14	69	150000				-1	20016							40		450																						
30214	15	80	3000000				-1	20016							50		500																						
30214	16	80	5000000	21	7556|50		-1	20016							50		500					250																	
30214	17	80	0				-1	20016							50		500					500																	
30215	0	70	165000			精钢象角	-1	20017																															
30215	1	71	180000				-1	20017							10		50																						
30215	2	72	195000				-1	20017							20		100																						
30215	3	73	210000				-1	20017							30		150																						
30215	4	74	225000				-1	20017							40		200																						
30215	5	75	240000				-1	20017							50		250																						
30215	6	76	255000				-1	20017							60		300																						
30215	7	77	270000				-1	20017							70		350																						
30215	8	78	285000				-1	20017							80		400																						
30215	9	79	300000				-1	20017							90		450																						
30215	10	80	5000000				-1	20017							100		500																						
30215	11	80	5500000	21	7556|100		-1	20017							100		500																450|100						
30215	12	80	7000000	23	7556|250		-1	20017							100		500																450|200						
30215	13	80	7500000	23	7556|300		-1	20017							100		500																450|200			24382			
30215	14	80	8000000	23	7556|350		-1	20017							100		500																450|200			24383			
30215	15	80	0				-1	20017							100		500																450|200			24384			
30300	0	20	6000			器械入门	-1	20021																															
30300	1	21	6600				-1	20021								10																							
30300	2	22	7200				-1	20021								20																							
30300	3	23	7800				-1	20021								30																							
30300	4	24	8400				-1	20021								40																							
30300	5	25	9000				-1	20021								50																							
30300	6	26	9600				-1	20021								60																							
30300	7	27	10200				-1	20021								70																							
30300	8	28	10800				-1	20021								80																							
30300	9	29	11400				-1	20021								90																							
30300	10	30	12000				-1	20021								100																							
30300	11	31	12600				-1	20021								110																							
30300	12	32	13200				-1	20021								120																							
30300	13	33	13800				-1	20021								130																							
30300	14	34	14400				-1	20021								140																							
30300	15	35	0				-1	20021								150																							
30301	0	35	15000			机甲术	-1	20022																															
30301	1	36	18000				-1	20022								8																							
30301	2	37	21000				-1	20022								16																							
30301	3	38	24000				-1	20022								24																							
30301	4	39	27000				-1	20022								32																							
30301	5	40	30000				-1	20022								40																							
30301	6	41	33000				-1	20022								48																							
30301	7	42	36000				-1	20022								56																							
30301	8	43	39000				-1	20022				10				64																							
30301	9	44	42000				-1	20022				20				72																							
30301	10	45	45000				-1	20022				30				80																							
30301	11	46	48000				-1	20022				40				88																							
30301	12	47	51000				-1	20022				50				96																							
30301	13	48	54000				-1	20022				60				104																							
30301	14	49	57000				-1	20022				70				112																							
30301	15	50	0				-1	20022				80				120																							
30302	0	50	60000			墨子机械篇	-1	20020																															
30302	1	51	63000				-1	20020								8																							
30302	2	52	66000				-1	20020								16																							
30302	3	53	69000				-1	20020								24																							
30302	4	54	72000				-1	20020								32																							
30302	5	55	75000				-1	20020								40																							
30302	6	56	78000				-1	20020								48																							
30302	7	57	81000				-1	20020								56																							
30302	8	58	84000				-1	20020				10				64																							
30302	9	59	87000				-1	20020				20				72																							
30302	10	60	90000				-1	20020				30				80																							
30302	11	61	105000				-1	20020				40				88																							
30302	12	62	120000				-1	20020				50				96																							
30302	13	63	135000				-1	20020				60				104																							
30302	14	64	150000				-1	20020				70				112																							
30302	15	65	0				-1	20020				80				120																							
30303	0	65	165000			鲁公秘录	-1	20019																															
30303	1	66	180000				-1	20019								8																							
30303	2	67	195000				-1	20019								16																							
30303	3	68	210000				-1	20019								24																							
30303	4	69	225000				-1	20019								32																							
30303	5	70	240000				-1	20019								40																							
30303	6	71	255000				-1	20019								48																							
30303	7	72	270000				-1	20019								56																							
30303	8	73	285000				-1	20019				10				64																							
30303	9	74	300000				-1	20019				20				72																							
30303	10	75	315000				-1	20019				30				80																							
30303	11	76	330000				-1	20019				40				88																							
30303	12	77	345000				-1	20019				50				96																							
30303	13	78	360000				-1	20019				60				104																							
30303	14	79	375000				-1	20019				70				112																							
30303	15	80	0				-1	20019				80				120																							
30304	0	35	15000			铁蒙皮	-1	20022																															
30304	1	36	18000				-1	20022				5																											
30304	2	37	21000				-1	20022				10																											
30304	3	38	24000				-1	20022				15																											
30304	4	39	27000				-1	20022				20																											
30304	5	40	30000				-1	20022				25																											
30304	6	41	33000				-1	20022				30				5																							
30304	7	42	36000				-1	20022				35				10																							
30304	8	43	39000				-1	20022				40				15																							
30304	9	44	42000				-1	20022				45				20																							
30304	10	45	45000				-1	20022				50				25																							
30304	11	46	48000				-1	20022				50				30																							
30304	12	47	51000				-1	20022				50				35																							
30304	13	48	54000				-1	20022				50				40																							
30304	14	49	57000				-1	20022				50				45																							
30304	15	50	0				-1	20022				50				50																							
30305	0	50	60000			特质火矢	-1	20020																															
30305	1	51	63000				-1	20020											10																				
30305	2	52	66000				-1	20020											20																				
30305	3	53	69000				-1	20020											30																				
30305	4	54	72000				-1	20020											40																				
30305	5	55	75000				-1	20020											50																				
30305	6	56	78000				-1	20020											60																				
30305	7	57	81000				-1	20020											70																				
30305	8	58	84000				-1	20020											80																				
30305	9	59	87000				-1	20020											90																				
30305	10	60	90000				-1	20020											100																				
30305	11	61	105000				-1	20020											110																				
30305	12	62	120000				-1	20020											120																				
30305	13	63	135000				-1	20020											130																				
30305	14	64	150000				-1	20020											140																				
30305	15	80	5500000	22	7556|100		-1	20020											150																				
30305	16	80	6000000	22	7556|150		-1	20020											250																				
30305	17	80	0				-1	20020											350																				
30306	0	65	165000			杠杆	-1	20019																															
30306	1	66	180000				-1	20019											10																				
30306	2	67	195000				-1	20019											20																				
30306	3	68	210000				-1	20019											30																				
30306	4	69	225000				-1	20019											40																				
30306	5	70	240000				-1	20019											50																				
30306	6	71	255000				-1	20019											60																				
30306	7	72	270000				-1	20019											70																				
30306	8	73	285000				-1	20019											80																				
30306	9	74	300000				-1	20019											90																				
30306	10	75	315000				-1	20019											100																				
30306	11	76	330000				-1	20019											110																				
30306	12	77	345000				-1	20019											120																				
30306	13	78	360000				-1	20019											130																				
30306	14	79	375000				-1	20019											140																				
30306	15	80	6000000	22	7556|150		-1	20019											150																				
30306	16	80	6500000	22	7556|200		-1	20019											150																		200		
30306	17	80	0				-1	20019											150											80							200		
30307	0	65	165000			圆石	-1	20019																															
30307	1	66	180000				-1	20019									50																						
30307	2	67	195000				-1	20019									100																						
30307	3	68	210000				-1	20019									150																						
30307	4	69	225000				-1	20019									200																						
30307	5	70	240000				-1	20019									250																						
30307	6	71	255000				-1	20019									300																						
30307	7	72	270000				-1	20019									350																						
30307	8	73	285000				-1	20019									400																						
30307	9	74	300000				-1	20019									450																						
30307	10	75	315000				-1	20019									500																						
30307	11	76	330000				-1	20019									550																						
30307	12	77	345000				-1	20019									600																						
30307	13	78	360000				-1	20019									650																						
30307	14	79	375000				-1	20019									700																						
30307	15	80	7000000	23	7556|250		-1	20019									750																						
30307	16	80	7500000	23	7556|300		-1	20019									1750																						
30307	17	80	0				-1	20019									1750															500							
30308	0	35	15000			火药	-1	20022																															
30308	1	36	18000				-1	20022											10																				
30308	2	37	21000				-1	20022											20																				
30308	3	38	24000				-1	20022											30																				
30308	4	39	27000				-1	20022											40																				
30308	5	40	30000				-1	20022											50																				
30308	6	41	33000				-1	20022											60																				
30308	7	42	36000				-1	20022											70																				
30308	8	43	39000				-1	20022											80																				
30308	9	44	42000				-1	20022											90																				
30308	10	45	45000				-1	20022											100																				
30308	11	46	48000				-1	20022											110																				
30308	12	47	51000				-1	20022											120																				
30308	13	48	54000				-1	20022											130																				
30308	14	49	57000				-1	20022											140																				
30308	15	80	3000000				-1	20022											150																				
30308	16	80	0				-1	20022											150														450|100						
30309	0	50	60000			铁胎弓	-1	20020																															
30309	1	51	63000				-1	20020												40																			
30309	2	52	66000				-1	20020												80																			
30309	3	53	69000				-1	20020												120																			
30309	4	54	72000				-1	20020												160																			
30309	5	55	75000				-1	20020												200																			
30309	6	56	78000				-1	20020												240																			
30309	7	57	81000				-1	20020												280																			
30309	8	58	84000				-1	20020												320																			
30309	9	59	87000				-1	20020												360																			
30309	10	60	90000				-1	20020												400																			
30309	11	61	105000				-1	20020												440																			
30309	12	62	120000				-1	20020												480																			
30309	13	63	135000				-1	20020												520																			
30309	14	64	150000				-1	20020												560																			
30309	15	80	3000000				-1	20020												600																			
30309	16	80	5000000	21	7556|50		-1	20020	200											600																			
30309	17	80	0				-1	20020	200											600		200																	
30310	0	65	165000			牛皮索	-1	20019																															
30310	1	66	180000				-1	20019												40																			
30310	2	67	195000				-1	20019												80																			
30310	3	68	210000				-1	20019												120																			
30310	4	69	225000				-1	20019												160																			
30310	5	70	240000				-1	20019												200																			
30310	6	71	255000				-1	20019												240																			
30310	7	72	270000				-1	20019												280																			
30310	8	73	285000				-1	20019												320																			
30310	9	74	300000				-1	20019												360																			
30310	10	75	315000				-1	20019												400																			
30310	11	76	330000				-1	20019												440																			
30310	12	77	345000				-1	20019												480																			
30310	13	78	360000				-1	20019												520																			
30310	14	79	375000				-1	20019												560																			
30310	15	80	0				-1	20019												600																			
30311	0	65	165000			石轮	-1	20019																															
30311	1	66	180000				-1	20019								10																							
30311	2	67	195000				-1	20019								20																							
30311	3	68	210000				-1	20019								30																							
30311	4	69	225000				-1	20019								40																							
30311	5	70	240000				-1	20019								50																							
30311	6	71	255000				-1	20019								60																							
30311	7	72	270000				-1	20019								70																							
30311	8	73	285000				-1	20019								80																							
30311	9	74	300000				-1	20019								90																							
30311	10	75	315000				-1	20019								100																							
30311	11	76	330000				-1	20019								110																							
30311	12	77	345000				-1	20019								120																							
30311	13	78	360000				-1	20019								130																							
30311	14	79	375000				-1	20019								140																							
30311	15	80	0				-1	20019								150																							
