id	instanceid	名称	数量	HP倍数	攻击倍数	阵营	角色类型
2	10001	李	5577	40	1	2	7
3	10002	郭汜	5577	40	1	2	7
4	10003	华雄	5577	40	1	2	7
0	10004	吴国营寨	5577	50	0.5	12	4
0	10005	魏国营寨	5577	50	0.5	10	4
0	10006	蜀国营寨	5577	50	0.5	11	4
8	10007	黄巾叛兵	1115	15	1	2	8
8	10008	黄巾叛兵	1115	15	1	2	8
8	10009	黄巾叛兵	1115	15	1	2	8
8	10010	黄巾叛兵	1115	15	1	2	8
8	10011	黄巾叛兵	1115	15	1	2	8
8	10012	黄巾叛兵	1115	15	1	2	8
8	10013	黄巾叛兵	1115	15	1	2	8
8	10014	黄巾叛兵	1115	15	1	2	8
8	10015	黄巾叛兵	1115	15	1	2	8
8	10016	黄巾叛兵	1115	15	1	2	8
8	10017	黑山叛兵	1115	15	1	2	8
8	10018	黑山叛兵	1115	15	1	2	8
8	10019	黑山叛兵	1115	15	1	2	8
8	10020	黑山叛兵	1115	15	1	2	8
8	10021	黑山叛兵	1115	15	1	2	8
8	10022	黑山叛兵	1115	15	1	2	8
8	10023	黑山叛兵	1115	15	1	2	8
8	10024	黑山叛兵	1115	15	1	2	8
8	10025	黑山叛兵	1115	15	1	2	8
8	10026	黑山叛兵	1115	15	1	2	8
8	10027	东川叛兵	1115	15	1	2	8
8	10028	东川叛兵	1115	15	1	2	8
8	10029	东川叛兵	1115	15	1	2	8
8	10030	东川叛兵	1115	15	1	2	8
8	10031	东川叛兵	1115	15	1	2	8
8	10032	东川叛兵	1115	15	1	2	8
8	10033	东川叛兵	1115	15	1	2	8
8	10034	东川叛兵	1115	15	1	2	8
8	10035	东川叛兵	1115	15	1	2	8
8	10036	东川叛兵	1115	15	1	2	8
8	10037	西川叛兵	1115	15	1	2	8
8	10038	西川叛兵	1115	15	1	2	8
8	10039	西川叛兵	1115	15	1	2	8
8	10040	西川叛兵	1115	15	1	2	8
8	10041	西川叛兵	1115	15	1	2	8
8	10042	西川叛兵	1115	15	1	2	8
8	10043	西川叛兵	1115	15	1	2	8
8	10044	西川叛兵	1115	15	1	2	8
8	10045	西川叛兵	1115	15	1	2	8
8	10046	西川叛兵	1115	15	1	2	8
8	10047	密林土匪	1115	15	1	2	8
8	10048	密林土匪	1115	15	1	2	8
8	10049	密林土匪	1115	15	1	2	8
8	10050	密林土匪	1115	15	1	2	8
8	10051	密林土匪	1115	15	1	2	8
8	10052	密林土匪	1115	15	1	2	8
8	10053	密林土匪	1115	15	1	2	8
8	10054	密林土匪	1115	15	1	2	8
8	10055	密林土匪	1115	15	1	2	8
8	10056	密林土匪	1115	15	1	2	8
8	10057	密林山贼	1115	15	1	2	8
8	10058	密林山贼	1115	15	1	2	8
8	10059	密林山贼	1115	15	1	2	8
8	10060	密林山贼	1115	15	1	2	8
8	10061	密林山贼	1115	15	1	2	8
8	10062	密林山贼	1115	15	1	2	8
8	10063	密林山贼	1115	15	1	2	8
8	10064	密林山贼	1115	15	1	2	8
8	10065	密林山贼	1115	15	1	2	8
8	10066	密林山贼	1115	15	1	2	8
8	10067	蛮兵	1115	15	1	2	8
8	10068	蛮兵	1115	15	1	2	8
8	10069	蛮兵	1115	15	1	2	8
8	10070	蛮兵	1115	15	1	2	8
8	10071	蛮兵	1115	15	1	2	8
8	10072	蛮兵	1115	15	1	2	8
8	10073	蛮兵	1115	15	1	2	8
8	10074	蛮兵	1115	15	1	2	8
8	10075	蛮兵	1115	15	1	2	8
8	10076	蛮兵	1115	15	1	2	8
8	10077	黑山匪兵	1115	15	1	2	8
8	10078	黑山匪兵	1115	15	1	2	8
8	10079	黑山匪兵	1115	15	1	2	8
8	10080	黑山匪兵	1115	15	1	2	8
8	10081	黑山匪兵	1115	15	1	2	8
8	10082	黑山匪兵	1115	15	1	2	8
8	10083	黑山匪兵	1115	15	1	2	8
8	10084	黑山匪兵	1115	15	1	2	8
8	10085	黑山匪兵	1115	15	1	2	8
8	10086	黑山匪兵	1115	15	1	2	8
8	10087	黄巾匪兵	1115	15	1	2	8
8	10088	黄巾匪兵	1115	15	1	2	8
8	10089	黄巾匪兵	1115	15	1	2	8
8	10090	黄巾匪兵	1115	15	1	2	8
8	10091	黄巾匪兵	1115	15	1	2	8
8	10092	黄巾匪兵	1115	15	1	2	8
8	10093	黄巾匪兵	1115	15	1	2	8
8	10094	黄巾匪兵	1115	15	1	2	8
8	10095	黄巾匪兵	1115	15	1	2	8
8	10096	黄巾匪兵	1115	15	1	2	8
8	10097	黄巾溃兵	1115	15	1	2	8
8	10098	黄巾溃兵	1115	15	1	2	8
8	10099	黄巾溃兵	1115	15	1	2	8
8	10100	黄巾溃兵	1115	15	1	2	8
8	10101	黄巾溃兵	1115	15	1	2	8
8	10102	黄巾溃兵	1115	15	1	2	8
8	10103	黄巾溃兵	1115	15	1	2	8
8	10104	黄巾溃兵	1115	15	1	2	8
8	10105	黄巾溃兵	1115	15	1	2	8
8	10106	黄巾溃兵	1115	15	1	2	8
8	10240	密林山贼	1115	15	1	2	8
8	10241	密林山贼	1115	15	1	2	8
8	10242	密林山贼	1115	15	1	2	8
8	10243	密林山贼	1115	15	1	2	8
8	10244	密林山贼	1115	15	1	2	8
8	10245	密林山贼	1115	15	1	2	8
8	10246	密林山贼	1115	15	1	2	8
8	10247	密林山贼	1115	15	1	2	8
8	10248	密林山贼	1115	15	1	2	8
8	10249	密林山贼	1115	15	1	2	8
8	10250	密林山贼	1115	15	1	2	8
8	10251	密林山贼	1115	15	1	2	8
8	10252	密林山贼	1115	15	1	2	8
8	10253	密林山贼	1115	15	1	2	8
8	10254	密林山贼	1115	15	1	2	8
8	10255	密林山贼	1115	15	1	2	8
8	10256	密林山贼	1115	15	1	2	8
8	10257	密林山贼	1115	15	1	2	8
8	10258	密林山贼	1115	15	1	2	8
8	10259	密林山贼	1115	15	1	2	8
8	10260	蛮兵	1115	15	1	2	8
8	10261	蛮兵	1115	15	1	2	8
8	10262	蛮兵	1115	15	1	2	8
8	10263	蛮兵	1115	15	1	2	8
8	10264	蛮兵	1115	15	1	2	8
8	10265	蛮兵	1115	15	1	2	8
8	10266	蛮兵	1115	15	1	2	8
8	10267	蛮兵	1115	15	1	2	8
8	10268	蛮兵	1115	15	1	2	8
8	10269	蛮兵	1115	15	1	2	8
8	10270	蛮兵	1115	15	1	2	8
8	10271	蛮兵	1115	15	1	2	8
8	10272	蛮兵	1115	15	1	2	8
8	10273	蛮兵	1115	15	1	2	8
8	10274	蛮兵	1115	15	1	2	8
8	10275	蛮兵	1115	15	1	2	8
8	10276	蛮兵	1115	15	1	2	8
8	10277	蛮兵	1115	15	1	2	8
8	10278	蛮兵	1115	15	1	2	8
8	10279	蛮兵	1115	15	1	2	8
8	10280	黑山匪兵	1115	15	1	2	8
8	10281	黑山匪兵	1115	15	1	2	8
8	10282	黑山匪兵	1115	15	1	2	8
8	10283	黑山匪兵	1115	15	1	2	8
8	10284	黑山匪兵	1115	15	1	2	8
8	10285	黑山匪兵	1115	15	1	2	8
8	10286	黑山匪兵	1115	15	1	2	8
8	10287	黑山匪兵	1115	15	1	2	8
8	10288	黑山匪兵	1115	15	1	2	8
8	10289	黑山匪兵	1115	15	1	2	8
8	10290	黑山匪兵	1115	15	1	2	8
8	10291	黑山匪兵	1115	15	1	2	8
8	10292	黑山匪兵	1115	15	1	2	8
8	10293	黑山匪兵	1115	15	1	2	8
8	10294	黑山匪兵	1115	15	1	2	8
8	10295	黑山匪兵	1115	15	1	2	8
8	10296	黑山匪兵	1115	15	1	2	8
8	10297	黑山匪兵	1115	15	1	2	8
8	10298	黑山匪兵	1115	15	1	2	8
8	10299	黑山匪兵	1115	15	1	2	8
8	10300	黄巾匪兵	1115	15	1	2	8
8	10301	黄巾匪兵	1115	15	1	2	8
8	10302	黄巾匪兵	1115	15	1	2	8
8	10303	黄巾匪兵	1115	15	1	2	8
8	10304	黄巾匪兵	1115	15	1	2	8
8	10305	黄巾匪兵	1115	15	1	2	8
8	10306	黄巾匪兵	1115	15	1	2	8
8	10307	黄巾匪兵	1115	15	1	2	8
8	10308	黄巾匪兵	1115	15	1	2	8
8	10309	黄巾匪兵	1115	15	1	2	8
8	10310	黄巾匪兵	1115	15	1	2	8
8	10311	黄巾匪兵	1115	15	1	2	8
8	10312	黄巾匪兵	1115	15	1	2	8
8	10313	黄巾匪兵	1115	15	1	2	8
8	10314	黄巾匪兵	1115	15	1	2	8
8	10315	黄巾匪兵	1115	15	1	2	8
8	10316	黄巾匪兵	1115	15	1	2	8
8	10317	黄巾匪兵	1115	15	1	2	8
8	10318	黄巾匪兵	1115	15	1	2	8
8	10319	黄巾匪兵	1115	15	1	2	8
8	10320	黄巾溃兵	1115	15	1	2	8
8	10321	黄巾溃兵	1115	15	1	2	8
8	10322	黄巾溃兵	1115	15	1	2	8
8	10323	黄巾溃兵	1115	15	1	2	8
8	10324	黄巾溃兵	1115	15	1	2	8
8	10325	黄巾溃兵	1115	15	1	2	8
8	10326	黄巾溃兵	1115	15	1	2	8
8	10327	黄巾溃兵	1115	15	1	2	8
8	10328	黄巾溃兵	1115	15	1	2	8
8	10329	黄巾溃兵	1115	15	1	2	8
8	10330	黄巾溃兵	1115	15	1	2	8
8	10331	黄巾溃兵	1115	15	1	2	8
8	10332	黄巾溃兵	1115	15	1	2	8
8	10333	黄巾溃兵	1115	15	1	2	8
8	10334	黄巾溃兵	1115	15	1	2	8
8	10335	黄巾溃兵	1115	15	1	2	8
8	10336	黄巾溃兵	1115	15	1	2	8
8	10337	黄巾溃兵	1115	15	1	2	8
8	10338	黄巾溃兵	1115	15	1	2	8
8	10339	黄巾溃兵	1115	15	1	2	8
1	10107	董卓	6692	60	1	2	7
5	10108	吴国资源车	3897	20	1	12	8
6	10109	魏国资源车	3897	20	1	10	8
7	10110	蜀国资源车	3897	20	1	11	8
0	10213	蜀国箭塔	15577	20	10	11	2
0	10214	蜀国箭塔	15577	20	10	11	2
0	10215	吴国箭塔	15577	20	10	12	2
0	10216	吴国箭塔	15577	20	10	12	2
0	10217	魏国箭塔	15577	20	10	10	2
0	10218	魏国箭塔	15577	20	10	10	2
20	10120	波才	5577	20	1	2	7
21	10121	张曼成	5577	20	1	2	7
22	10122	何仪	5577	20	1	2	7
23	10123	张角	5577	20	1	2	7
24	10124	张宝	5577	20	1	2	7
25	10125	张梁	5577	20	1	2	7
26	10126	张牛角	5577	20	1	2	7
27	10127	张燕	5577	20	1	2	7
28	10128	眭固	5577	20	1	2	7
29	10129	于毒	5577	20	1	2	7
30	10130	孟获	5577	20	1	2	7
31	10131	木鹿大王	5577	20	1	2	7
32	10132	金环三结	5577	20	1	2	7
33	10133	兀突骨	5577	20	1	2	7
34	10134	带来洞主	5577	20	1	2	7
35	10135	韩遂	5577	20	1	2	7
36	10136	边章	5577	20	1	2	7
37	10137	北宫伯玉	5577	20	1	2	7
