id	instanceid	靡備	杅講	HP捷杅	馴僻捷杅	淝茠	褒伎濬倰
0	68501	臍廗	3000	40	0.3	1	7
0	68502	殢條	700	4	0.3	1	8
0	68503	殢條	700	4	0.3	1	8
0	68504	殢條	700	4	0.3	1	8
0	68505	殢條	700	4	0.3	1	8
0	68506	殢條	700	4	0.3	1	8
0	68507	殢條	700	4	0.3	1	8
0	68508	殢條	700	4	0.3	1	8
0	68509	殢條	700	4	0.3	1	8
0	68510	殢條	700	4	0.3	1	8
0	68511	殢條	700	4	0.3	1	8
0	68512	殢條	700	4	0.3	1	8
0	68513	殢條	700	4	0.3	1	8
0	68514	殢條	700	4	0.3	1	8
0	68515	笭る條	700	4	0.3	1	8
0	68516	笭る條	700	4	0.3	1	8
0	68517	笭る條	700	4	0.3	1	8
0	68518	笭る條	700	4	0.3	1	8
0	68519	笭る條	700	4	0.3	1	8
0	68520	笭る條	700	4	0.3	1	8
0	68521	笭る條	700	4	0.3	1	8
0	68522	笭る條	700	4	0.3	1	8
0	68523	笭る條	700	4	0.3	1	8
0	68524	笭る條	700	4	0.3	1	8
0	68525	笭る條	700	4	0.3	1	8
0	68526	笭る條	700	4	0.3	1	8
0	68527	笭る條	700	4	0.3	1	8
0	68528	笭る條	700	4	0.3	1	8
0	68529	笭る條	700	4	0.3	1	8
0	68530	笭る條	700	4	0.3	1	8
0	68531	笭る條	700	4	0.3	1	8
0	68532	笭る條	700	4	0.3	1	8
0	68533	笭る條	700	4	0.3	1	8
0	68534	笭る條	700	4	0.3	1	8
0	68535	笭る條	700	4	0.3	1	8
0	68536	笭る條	700	4	0.3	1	8
0	68537	笭る條	700	4	0.3	1	8
0	68538	笭る條	700	4	0.3	1	8
0	68539	笭る條	700	4	0.3	1	8
0	68540	笭る條	700	4	0.3	1	8
0	68541	笭る條	700	4	0.3	1	8
0	68542	笭る條	700	4	0.3	1	8
0	68543	笭る條	700	4	0.3	1	8
0	68544	笭る條	700	4	0.3	1	8
0	68545	笭る條	700	4	0.3	1	8
0	68546	笭る條	700	4	0.3	1	8
0	68547	笭る條	700	4	0.3	1	8
0	68548	笭る條	700	4	0.3	1	8
0	110369	蝬帥肪	500	4	0.3	2	4
0	130125	漆鍬茠朘	500	4	0.3	0	4
0	130134	漆鍬茠朘	500	4	0.3	0	4
1	68501	臍廗	3000	40	0.3	1	7
1	68502	殢條	700	5	0.3	1	8
1	68503	殢條	700	5	0.3	1	8
1	68504	殢條	700	5	0.3	1	8
1	68505	殢條	700	5	0.3	1	8
1	68506	殢條	700	5	0.3	1	8
1	68507	殢條	700	5	0.3	1	8
1	68510	殢條	700	5	0.3	1	8
1	68511	殢條	700	5	0.3	1	8
1	68522	笭る條	700	5	0.3	1	8
1	68523	笭る條	700	5	0.3	1	8
1	68524	笭る條	700	5	0.3	1	8
1	68538	笭る條	700	5	0.3	1	8
1	68539	笭る條	700	5	0.3	1	8
1	68540	笭る條	700	5	0.3	1	8
1	110369	蝬帥肪	1500	8	0.3	2	4
1	120187	漆鍬滅忐萸	1000	15	3	1	4
1	130125	漆鍬茠朘	500	5	0.3	0	4
1	130134	漆鍬茠朘	500	5	0.3	0	4
2	68501	臍廗	3000	40	0.3	1	9
