id	instanceid	靡備	杅講	HP捷杅	馴僻捷杅	淝茠	褒伎濬倰
0	91605	膘珛璋瞼	1000	15	0.3	1	2
0	22054	膘珛鰍茠朘	500	4	0.3	0	4
0	22055	膘珛陲茠朘	500	4	0.3	0	4
0	22056	膘珛昹茠朘	500	4	0.3	0	4
0	91606	膘珛詣瞼	1000	15	0.3	1	2
0	91607	膘珛詣瞼	1000	15	0.3	1	2
0	91608	膘珛斬訄	3500	10	0.3	1	1
0	91609	膘珛斬訄	3500	10	0.3	1	1
0	91610	膘珛斬訄	3500	10	0.3	1	1
0	91611	膘珛斬訄	3500	10	0.3	1	1
0	91612	膘珛昹傑藷	1200	10	0.3	1	3
0	91613	膘珛鰍傑藷	1200	10	0.3	1	3
0	91614	膘珛陲傑藷	1200	10	0.3	1	3
0	91615	膘珛俋傑藷	1200	10	0.3	1	3
0	91616	呤	2000	4	0.3	1	7
0	91617	殢條	700	4	0.3	1	8
0	91618	殢條	700	4	0.3	1	8
0	91619	殢條	700	4	0.3	1	8
0	91620	殢條	700	4	0.3	1	8
0	91621	殢條	700	4	0.3	1	8
0	91622	殢條	700	4	0.3	1	8
0	91623	酗磢條	700	4	0.3	1	8
0	91624	酗磢條	700	4	0.3	1	8
0	91625	酗磢條	700	4	0.3	1	8
0	91626	酗磢條	700	4	0.3	1	8
0	91627	竣栠條	700	4	0.3	1	8
0	91628	竣栠條	700	4	0.3	1	8
0	91629	竣栠條	700	4	0.3	1	8
0	91630	竣栠條	700	4	0.3	1	8
0	91631	竣栠條	700	4	0.3	1	8
0	91632	竣栠條	700	4	0.3	1	8
0	91633	酗磢條	700	4	0.3	1	8
0	91634	酗磢條	700	4	0.3	1	8
0	91635	竣栠條	700	4	0.3	1	8
0	91636	竣栠條	700	4	0.3	1	8
0	91637	竣栠條	700	4	0.3	1	8
0	91638	竣栠條	700	4	0.3	1	8
0	91639	祭莠	2000	4	0.3	1	7
0	91640	笭る條	700	4	0.3	1	8
0	91641	笭る條	700	4	0.3	1	8
0	91642	笭る條	700	4	0.3	1	8
0	91643	笭る條	700	4	0.3	1	8
0	91644	竣栠條	700	4	0.3	1	8
0	91645	竣栠條	700	4	0.3	1	8
0	91646	殢條	700	4	0.3	1	8
0	91647	殢條	700	4	0.3	1	8
0	91648	殢條	700	4	0.3	1	8
0	91649	殢條	700	4	0.3	1	8
0	91650	殢條	700	4	0.3	1	8
0	91651	殢條	700	4	0.3	1	8
0	91652	羚祥倓	2000	4	0.3	1	7
0	91653	笭る條	700	4	0.3	1	8
0	91654	笭る條	700	4	0.3	1	8
0	91655	笭る條	700	4	0.3	1	8
0	91656	笭る條	700	4	0.3	1	8
0	91657	竣栠條	700	4	0.3	1	8
0	91658	竣栠條	700	4	0.3	1	8
0	91659	殢條	700	4	0.3	1	8
0	91660	殢條	700	4	0.3	1	8
0	91661	殢條	700	4	0.3	1	8
0	91662	殢條	700	4	0.3	1	8
0	91663	殢條	700	4	0.3	1	8
0	91664	殢條	700	4	0.3	1	8
0	91665	麻惘	2000	4	0.3	1	7
0	91666	竣栠條	700	4	0.3	1	8
0	91667	竣栠條	700	4	0.3	1	8
0	91668	竣栠條	700	4	0.3	1	8
0	91669	笭る條	700	4	0.3	1	8
0	91670	笭る條	700	4	0.3	1	8
0	91671	笭る條	700	4	0.3	1	8
0	91672	殢條	700	4	0.3	1	8
0	91673	殢條	700	4	0.3	1	8
0	91674	殢條	700	4	0.3	1	8
0	91675	殢條	700	4	0.3	1	8
0	91676	殢條	700	4	0.3	1	8
0	91677	殢條	700	4	0.3	1	8
0	91678	竣栠條	700	4	0.3	1	8
0	91679	竣栠條	700	4	0.3	1	8
0	91680	竣栠條	700	4	0.3	1	8
0	91681	竣栠條	700	4	0.3	1	8
0	91682	竣栠條	700	4	0.3	1	8
0	91683	竣栠條	700	4	0.3	1	8
0	91684	ш祭條	700	4	0.3	1	8
0	91685	ш祭條	700	4	0.3	1	8
0	91686	竣栠條	700	4	0.3	1	8
0	91687	竣栠條	700	4	0.3	1	8
0	91688	竣栠條	700	4	0.3	1	8
0	91689	竣栠條	700	4	0.3	1	8
0	91690	ш祭條	700	4	0.3	1	8
0	91691	ш祭條	700	4	0.3	1	8
0	91692	ш祭條	700	4	0.3	1	8
0	91693	ш祭條	700	4	0.3	1	8
0	91694	ш祭條	700	4	0.3	1	8
0	91695	ш祭條	700	4	0.3	1	8
0	91696	麻喋	2000	4	0.3	1	7
0	91697	笭る條	700	4	0.3	1	8
0	91698	笭る條	700	4	0.3	1	8
0	91699	竣栠條	700	4	0.3	1	8
0	91700	竣栠條	700	4	0.3	1	8
0	91701	竣栠條	700	4	0.3	1	8
0	91702	竣栠條	700	4	0.3	1	8
0	91703	殢條	700	4	0.3	1	8
0	91704	殢條	700	4	0.3	1	8
0	91705	殢條	700	4	0.3	1	8
0	91706	殢條	700	4	0.3	1	8
0	91707	殢條	700	4	0.3	1	8
0	91708	殢條	700	4	0.3	1	8
0	91709	殢條	700	4	0.3	1	8
0	91710	殢條	700	4	0.3	1	8
0	91711	殢條	700	4	0.3	1	8
0	91712	殢條	700	4	0.3	1	8
0	91713	臍蟹	2000	4	0.3	1	7
0	91714	竣栠條	700	4	0.3	1	8
0	91715	竣栠條	700	4	0.3	1	8
0	91716	竣栠條	700	4	0.3	1	8
0	91717	竣栠條	700	4	0.3	1	8
0	91718	竣栠條	700	4	0.3	1	8
0	91719	竣栠條	700	4	0.3	1	8
0	91720	殢條	700	4	0.3	1	8
0	91721	殢條	700	4	0.3	1	8
0	91722	殢條	700	4	0.3	1	8
0	91723	殢條	700	4	0.3	1	8
0	91724	殢條	700	4	0.3	1	8
0	91725	殢條	700	4	0.3	1	8
0	91726	殢條	700	4	0.3	1	8
0	91727	殢條	700	4	0.3	1	8
0	91728	殢條	700	4	0.3	1	8
0	91729	殢條	700	4	0.3	1	8
0	91730	翻挶	2000	4	0.3	1	7
0	91731	竣栠條	700	4	0.3	1	8
0	91732	笭る條	700	4	0.3	1	8
0	91733	笭る條	700	4	0.3	1	8
0	91734	笭る條	700	4	0.3	1	8
0	91735	笭る條	700	4	0.3	1	8
0	91736	竣栠條	700	4	0.3	1	8
0	91737	殢條	700	4	0.3	1	8
0	91738	殢條	700	4	0.3	1	8
0	91739	殢條	700	4	0.3	1	8
0	91740	殢條	700	4	0.3	1	8
0	91741	殢條	700	4	0.3	1	8
0	91742	殢條	700	4	0.3	1	8
0	91743	殢條	700	4	0.3	1	8
0	91744	殢條	700	4	0.3	1	8
0	91745	笭る條	700	4	0.3	1	8
0	91746	笭る條	700	4	0.3	1	8
0	91747	笭る條	700	4	0.3	1	8
0	91748	笭る條	700	4	0.3	1	8
0	91749	笭る條	700	4	0.3	1	8
0	91750	笭る條	700	4	0.3	1	8
0	91751	竣栠條	700	4	0.3	1	8
0	91752	竣栠條	700	4	0.3	1	8
0	91753	竣栠條	700	4	0.3	1	8
0	91754	殢條	700	4	0.3	1	8
0	91755	殢條	700	4	0.3	1	8
0	91756	殢條	700	4	0.3	1	8
0	91757	笭る條	700	4	0.3	1	8
0	91758	笭る條	700	4	0.3	1	8
0	91759	笭る條	700	4	0.3	1	8
0	91760	笭る條	700	4	0.3	1	8
0	91761	璋瞼	1000	15	0.3	1	2
0	91762	竣栠條	700	4	0.3	1	8
0	91763	竣栠條	700	4	0.3	1	8
0	91764	璋瞼	1000	15	0.3	1	2
0	91765	竣栠條	700	4	0.3	1	8
0	91766	竣栠條	700	4	0.3	1	8
0	91767	璋瞼	1000	15	0.3	1	2
0	91768	竣栠條	700	4	0.3	1	8
0	91769	竣栠條	700	4	0.3	1	8
0	91770	璋瞼	1000	15	0.3	1	2
0	91771	竣栠條	700	4	0.3	1	8
0	91772	竣栠條	700	4	0.3	1	8
0	91773	竣栠條	700	4	0.3	1	8
0	91774	竣栠條	700	4	0.3	1	8
0	91775	竣栠條	700	4	0.3	1	8
0	91776	竣栠條	700	4	0.3	1	8
0	91777	笭る條	700	4	0.3	1	8
0	91778	笭る條	700	4	0.3	1	8
0	91779	笭る條	700	4	0.3	1	8
0	91780	笭る條	700	4	0.3	1	8
0	91781	竣栠條	700	4	0.3	1	8
0	91782	竣栠條	700	4	0.3	1	8
0	91783	竣栠條	700	4	0.3	1	8
0	91784	竣栠條	700	4	0.3	1	8
0	91785	竣栠條	700	4	0.3	1	8
0	91786	竣栠條	700	4	0.3	1	8
0	91787	笭る條	700	4	0.3	1	8
0	91788	笭る條	700	4	0.3	1	8
0	91789	笭る條	700	4	0.3	1	8
0	91790	竣栠條	700	4	0.3	1	8
0	91791	竣栠條	700	4	0.3	1	8
0	91792	竣栠條	700	4	0.3	1	8
0	91793	竣栠條	700	4	0.3	1	8
0	91794	笭る條	700	4	0.3	1	8
0	91795	笭る條	700	4	0.3	1	8
0	91796	竣栠條	700	4	0.3	1	8
0	91797	竣栠條	700	4	0.3	1	8
0	110305	曆楂肪	500	4	0.3	2	4
1	22054	膘珛鰍茠朘	500	5	0.3	0	4
1	22055	膘珛陲茠朘	500	5	0.3	0	4
1	22056	膘珛昹茠朘	500	5	0.3	0	4
1	91601	膘珛銘傑鰍傑藷	1200	20	0.3	1	3
1	91602	膘珛銘傑昹傑藷	1200	20	0.3	1	3
1	91603	膘珛銘傑陲傑藷	1200	20	0.3	1	3
1	91604	膘珛璋瞼	1000	20	0.3	1	2
1	91605	膘珛璋瞼	1000	20	0.3	1	2
1	91606	膘珛詣瞼	1000	20	0.3	1	2
1	91607	膘珛詣瞼	1000	20	0.3	1	2
1	91608	膘珛斬訄	3000	40	0.3	1	1
1	91609	膘珛斬訄	3000	40	0.3	1	1
1	91610	膘珛斬訄	3000	40	0.3	1	1
1	91611	膘珛斬訄	3000	40	0.3	1	1
1	91612	膘珛昹傑藷	1200	20	0.3	1	3
1	91613	膘珛鰍傑藷	1200	20	0.3	1	3
1	91614	膘珛陲傑藷	1200	20	0.3	1	3
1	91615	膘珛俋傑藷	1200	20	0.3	1	3
1	91616	呤	2000	5	0.3	1	7
1	91617	殢條	700	5	0.3	1	8
1	91618	殢條	700	5	0.3	1	8
1	91619	殢條	700	5	0.3	1	8
1	91620	殢條	700	5	0.3	1	8
1	91621	殢條	700	5	0.3	1	8
1	91622	殢條	700	5	0.3	1	8
1	91623	酗磢條	700	5	0.3	1	8
1	91624	酗磢條	700	5	0.3	1	8
1	91625	酗磢條	700	5	0.3	1	8
1	91626	酗磢條	700	5	0.3	1	8
1	91648	殢條	700	5	0.3	1	8
1	91649	殢條	700	5	0.3	1	8
1	91661	殢條	700	5	0.3	1	8
1	91662	殢條	700	5	0.3	1	8
1	91674	殢條	700	5	0.3	1	8
1	91675	殢條	700	5	0.3	1	8
1	91707	殢條	700	5	0.3	1	8
1	91708	殢條	700	5	0.3	1	8
1	91724	殢條	700	5	0.3	1	8
1	91725	殢條	700	5	0.3	1	8
1	91737	殢條	700	5	0.3	1	8
1	91761	璋瞼	1000	20	0.3	1	2
1	91764	璋瞼	1000	20	0.3	1	2
1	91767	璋瞼	1000	20	0.3	1	2
1	91770	璋瞼	1000	20	0.3	1	2
1	110305	曆楂肪	1500	8	0.3	2	4
1	120022	膘珛滅忐萸	1000	15	3	1	4
2	91608	膘珛斬訄	3000	40	0.3	1	1
2	91609	膘珛斬訄	3000	40	0.3	1	1
2	91610	膘珛斬訄	3000	40	0.3	1	1
2	91611	膘珛斬訄	3000	40	0.3	1	1
10	110306	斻眧茠朘	500	5	0.3	2	4
10	110306	斻眧茠朘	500	5	0.3	2	4
