id	instanceid	靡備	杅講	HP捷杅	馴僻捷杅	淝茠	褒伎濬倰
0	79101	還銢昹傑藷	1200	20	0.3	1	3
0	22403	還銢鰍茠朘	500	4	0.3	0	4
0	79102	還銢鰍傑藷	1200	20	0.3	1	3
0	79103	還銢陲傑藷	1200	20	0.3	1	3
0	79104	還銢淉泆	3000	40	0.3	1	1
0	79105	還銢璋坢	1000	20	0.3	1	2
0	79106	還銢璋坢	1000	20	0.3	1	2
0	79107	璋坢	1000	20	0.3	1	2
0	79108	笭祭條	700	4	0.3	1	8
0	79109	笭祭條	700	4	0.3	1	8
0	79110	昹褸沺る	700	4	0.3	1	8
0	79111	昹褸沺る	700	4	0.3	1	8
0	79112	昹褸沺る	700	4	0.3	1	8
0	79113	昹褸沺る	700	4	0.3	1	8
0	79114	昹褸沺る	700	4	0.3	1	8
0	79115	昹褸沺る	700	4	0.3	1	8
0	79116	梓Л條	700	4	0.3	1	8
0	79117	梓Л條	700	4	0.3	1	8
0	79118	雁滂	2000	4	0.3	1	7
0	79119	殢條	700	4	0.3	1	8
0	79120	殢條	700	4	0.3	1	8
0	79121	殢條	700	4	0.3	1	8
0	79122	梓Л條	700	4	0.3	1	8
0	79123	梓Л條	700	4	0.3	1	8
0	79124	梓Л條	700	4	0.3	1	8
0	79125	雁	2000	4	0.3	1	7
0	79126	昹褸沺る	700	4	0.3	1	8
0	79127	梓Л條	700	4	0.3	1	8
0	79128	梓Л條	700	4	0.3	1	8
0	79129	梓Л條	700	4	0.3	1	8
0	79130	雁湔	2000	4	0.3	1	7
0	79131	殢條	700	4	0.3	1	8
0	79132	殢條	700	4	0.3	1	8
0	79133	殢條	700	4	0.3	1	8
0	79134	殢條	700	4	0.3	1	8
0	79135	殢條	700	4	0.3	1	8
0	79136	殢條	700	4	0.3	1	8
0	79137	殢條	700	4	0.3	1	8
0	79138	殢條	700	4	0.3	1	8
0	79139	殢條	700	4	0.3	1	8
0	79140	殢條	700	4	0.3	1	8
0	79141	殢條	700	4	0.3	1	8
0	79142	殢條	700	4	0.3	1	8
0	79143	殢條	700	4	0.3	1	8
0	79144	殢條	700	4	0.3	1	8
0	79145	殢條	700	4	0.3	1	8
0	79146	殢條	700	4	0.3	1	8
0	79147	殢條	700	4	0.3	1	8
0	79148	殢條	700	4	0.3	1	8
0	79149	殢條	700	4	0.3	1	8
0	79150	殢條	700	4	0.3	1	8
0	79151	殢條	700	4	0.3	1	8
0	79152	殢條	700	4	0.3	1	8
0	79153	殢條	700	4	0.3	1	8
0	79154	殢條	700	4	0.3	1	8
0	79155	殢條	700	4	0.3	1	8
0	79156	殢條	700	4	0.3	1	8
0	79157	殢條	700	4	0.3	1	8
0	79158	殢條	700	4	0.3	1	8
0	79159	殢條	700	4	0.3	1	8
0	79160	殢條	700	4	0.3	1	8
0	79161	殢條	700	4	0.3	1	8
0	79162	昹褸沺る	700	4	0.3	1	8
0	79163	昹褸沺る	700	4	0.3	1	8
0	79164	雙條	700	4	0.3	1	8
0	79165	雙條	700	4	0.3	1	8
0	79166	雙條	700	4	0.3	1	8
0	79167	雙條	700	4	0.3	1	8
0	79168	雁傖	2000	4	0.3	1	7
0	79169	殢條	700	4	0.3	1	8
0	79170	殢條	700	4	0.3	1	8
0	79171	笭祭條	700	4	0.3	1	8
0	79172	笭祭條	700	4	0.3	1	8
0	79173	殢條	700	4	0.3	1	8
0	79174	殢條	700	4	0.3	1	8
0	79175	笭祭條	700	4	0.3	1	8
0	79176	笭祭條	700	4	0.3	1	8
0	79177	笭祭條	700	4	0.3	1	8
0	79178	笭祭條	700	4	0.3	1	8
0	79179	昹褸沺る	700	4	0.3	1	8
0	79180	笭祭條	700	4	0.3	1	8
0	79181	昹褸沺る	700	4	0.3	1	8
0	79182	笭祭條	700	4	0.3	1	8
0	79183	笭祭條	700	4	0.3	1	8
0	79184	昹褸沺る	700	4	0.3	1	8
0	79185	笭祭條	700	4	0.3	1	8
0	79186	笭祭條	700	4	0.3	1	8
0	79187	昹褸沺る	700	4	0.3	1	8
0	79188	昹褸沺る	700	4	0.3	1	8
0	79189	殢條	700	4	0.3	1	8
0	79190	笭祭條	700	4	0.3	1	8
0	79191	笭祭條	700	4	0.3	1	8
0	79192	雁紱	2000	4	0.3	1	7
0	79193	笭祭條	700	4	0.3	1	8
0	79194	笭祭條	700	4	0.3	1	8
0	79195	昹褸沺る	700	4	0.3	1	8
0	79196	昹褸沺る	700	4	0.3	1	8
0	79197	昹褸沺る	700	4	0.3	1	8
0	110181	緊睿茠朘	500	4	0.3	2	4
0	130043	還銢茠朘	500	4	0.3	0	4
0	130044	還銢茠朘	500	4	0.3	0	4
1	22403	還銢鰍茠朘	500	5	0.3	0	4
1	79101	還銢昹傑藷	1200	20	0.3	1	3
1	79102	還銢鰍傑藷	1200	20	0.3	1	3
1	79103	還銢陲傑藷	1200	20	0.3	1	3
1	79104	還銢淉泆	3000	40	0.3	1	1
1	79105	還銢璋坢	1000	20	0.3	1	2
1	79106	還銢璋坢	1000	20	0.3	1	2
1	79107	璋坢	1000	20	0.3	1	2
1	79116	梓Л條	700	5	0.3	1	8
1	79117	梓Л條	700	5	0.3	1	8
1	79118	雁滂	2000	5	0.3	1	7
1	79122	梓Л條	700	5	0.3	1	8
1	79123	梓Л條	700	5	0.3	1	8
1	79124	梓Л條	700	5	0.3	1	8
1	79125	雁	2000	5	0.3	1	7
1	79128	梓Л條	700	5	0.3	1	8
1	79129	梓Л條	700	5	0.3	1	8
1	79130	雁湔	2000	5	0.3	1	7
1	79133	殢條	700	5	0.3	1	8
1	79134	殢條	700	5	0.3	1	8
1	79140	殢條	700	5	0.3	1	8
1	79142	殢條	700	5	0.3	1	8
1	79147	殢條	700	5	0.3	1	8
1	79148	殢條	700	5	0.3	1	8
1	79164	雙條	700	5	0.3	1	8
1	79165	雙條	700	5	0.3	1	8
1	79166	雙條	700	5	0.3	1	8
1	79167	雙條	700	5	0.3	1	8
1	79168	雁傖	2000	5	0.3	1	7
1	110181	緊睿茠朘	1500	8	0.3	2	4
1	120133	還銢滅忐萸	1000	15	3	1	4
1	130043	還銢茠朘	500	5	0.3	0	4
1	130044	還銢茠朘	500	5	0.3	0	4
2	79104	還銢淉泆	3000	40	0.3	1	1
