id	instanceid	Ãû³Æ	ÊýÁ¿	HP±¶Êý	¹¥»÷±¶Êý	ÕóÓª	½ÇÉ«ÀàÐÍ
0	62301	Áø³ÇÕþÌü	3000	40	0.3	1	1
0	62302	Áø³ÇÄÏ³ÇÃÅ	1200	20	0.3	1	3
0	62303	Áø³Ç±±³ÇÃÅ	1200	20	0.3	1	3
0	62304	Áø³Ç¼ýËþ	1000	20	0.3	1	2
0	62305	Áø³Ç¼ýËþ	1000	20	0.3	1	2
0	62306	½¹´¥	3000	40	0.3	1	7
0	62307	Í»Æï±ø	700	4	0.3	1	8
0	62308	Í»Æï±ø	700	4	0.3	1	8
0	62309	Í»Æï±ø	700	4	0.3	1	8
0	62310	Í»Æï±ø	700	4	0.3	1	8
0	62311	Í»Æï±ø	700	4	0.3	1	8
0	62312	¹­¼ý±ø	700	4	0.3	1	8
0	62313	Í»Æï±ø	700	4	0.3	1	8
0	62314	¹­¼ý±ø	700	4	0.3	1	8
0	62315	Í»Æï±ø	700	4	0.3	1	8
0	62316	Í»Æï±ø	700	4	0.3	1	8
0	62317	Í»Æï±ø	700	4	0.3	1	8
0	62318	Í»Æï±ø	700	4	0.3	1	8
0	62319	¹­¼ý±ø	700	4	0.3	1	8
0	62320	¹­¼ý±ø	700	4	0.3	1	8
0	62321	Í»Æï±ø	700	4	0.3	1	8
0	62322	Í»Æï±ø	700	4	0.3	1	8
0	62323	¹­¼ý±ø	700	4	0.3	1	8
0	62324	¹­¼ý±ø	700	4	0.3	1	8
0	62325	Í»Æï±ø	700	4	0.3	1	8
0	62326	Í»Æï±ø	700	4	0.3	1	8
0	62327	Í»Æï±ø	700	4	0.3	1	8
0	62328	Í»Æï±ø	700	4	0.3	1	8
0	62329	Í»Æï±ø	700	4	0.3	1	8
0	62330	Í»Æï±ø	700	4	0.3	1	8
0	62331	¹­¼ý±ø	700	4	0.3	1	8
0	62332	¹­¼ý±ø	700	4	0.3	1	8
0	62333	¹­¼ý±ø	700	4	0.3	1	8
0	62334	¹­¼ý±ø	700	4	0.3	1	8
0	62335	¹­¼ý±ø	700	4	0.3	1	8
0	62336	¹­¼ý±ø	700	4	0.3	1	8
0	62337	¹­¼ý±ø	700	4	0.3	1	8
0	62338	¹­¼ý±ø	700	4	0.3	1	8
0	62339	¹­¼ý±ø	700	4	0.3	1	8
0	62340	¹­¼ý±ø	700	4	0.3	1	8
0	62341	¹­¼ý±ø	700	4	0.3	1	8
0	62342	¹­¼ý±ø	700	4	0.3	1	8
0	62343	¹­¼ý±ø	700	4	0.3	1	8
0	62344	¹­¼ý±ø	700	4	0.3	1	8
0	62345	¹­¼ý±ø	700	4	0.3	1	8
0	62346	¹­¼ý±ø	700	4	0.3	1	8
0	62347	¹­¼ý±ø	700	4	0.3	1	8
0	62348	¹­¼ý±ø	700	4	0.3	1	8
0	62349	Í»Æï±ø	700	4	0.3	1	8
0	62350	Í»Æï±ø	700	4	0.3	1	8
0	62351	Í»Æï±ø	700	4	0.3	1	8
0	62352	Í»Æï±ø	700	4	0.3	1	8
0	62353	¹­¼ý±ø	700	4	0.3	1	8
0	62354	¹­¼ý±ø	700	4	0.3	1	8
0	62355	Í»Æï±ø	700	4	0.3	1	8
0	62356	Í»Æï±ø	700	4	0.3	1	8
0	62357	Í»Æï±ø	700	4	0.3	1	8
0	62358	Í»Æï±ø	700	4	0.3	1	8
0	62359	Í»Æï±ø	700	4	0.3	1	8
0	62360	Í»Æï±ø	700	4	0.3	1	8
0	62361	¹­¼ý±ø	700	4	0.3	1	8
0	62362	¹­¼ý±ø	700	4	0.3	1	8
0	62363	Í»Æï±ø	700	4	0.3	1	8
0	62364	Í»Æï±ø	700	4	0.3	1	8
0	62365	Í»Æï±ø	700	4	0.3	1	8
0	62366	Í»Æï±ø	700	4	0.3	1	8
0	62367	Í»Æï±ø	700	4	0.3	1	8
0	62368	Í»Æï±ø	700	4	0.3	1	8
0	62369	¹­¼ý±ø	700	4	0.3	1	8
0	62370	¹­¼ý±ø	700	4	0.3	1	8
0	62371	Í»Æï±ø	700	4	0.3	1	8
0	62372	Í»Æï±ø	700	4	0.3	1	8
0	62373	¹­¼ý±ø	700	4	0.3	1	8
0	62374	¹­¼ý±ø	700	4	0.3	1	8
0	62375	¹­¼ý±ø	700	4	0.3	1	8
0	62376	¹­¼ý±ø	700	4	0.3	1	8
0	62377	¹­¼ý±ø	700	4	0.3	1	8
0	62378	¹­¼ý±ø	700	4	0.3	1	8
0	62379	¹­¼ý±ø	700	4	0.3	1	8
0	62380	¹­¼ý±ø	700	4	0.3	1	8
0	62381	¹­¼ý±ø	700	4	0.3	1	8
0	62382	¹­¼ý±ø	700	4	0.3	1	8
0	62383	¹­¼ý±ø	700	4	0.3	1	8
0	62384	¹­¼ý±ø	700	4	0.3	1	8
0	62385	¹­¼ý±ø	700	4	0.3	1	8
0	62386	¹­¼ý±ø	700	4	0.3	1	8
0	62387	¹­¼ý±ø	700	4	0.3	1	8
0	62388	¹­¼ý±ø	700	4	0.3	1	8
0	62389	¹­¼ý±ø	700	4	0.3	1	8
0	62390	¹­¼ý±ø	700	4	0.3	1	8
0	62391	¹­¼ý±ø	700	4	0.3	1	8
0	62392	¹­¼ý±ø	700	4	0.3	1	8
0	62393	Í»Æï±ø	700	4	0.3	1	8
0	62394	Í»Æï±ø	700	4	0.3	1	8
0	62395	Í»Æï±ø	700	4	0.3	1	8
0	62396	Í»Æï±ø	700	4	0.3	1	8
0	62397	Í»Æï±ø	700	4	0.3	1	8
0	62398	Í»Æï±ø	700	4	0.3	1	8
0	62399	Í»Æï±ø	700	4	0.3	1	8
0	62400	Í»Æï±ø	700	4	0.3	1	8
0	110363	°×ÀÇÓªÕ¯	500	4	0.3	2	4
0	130001	Áø³ÇÓªÕ¯	500	4	0.3	0	4
0	130002	Áø³ÇÓªÕ¯	500	4	0.3	0	4
1	62301	Áø³ÇÕþÌü	3000	40	0.3	1	1
1	62302	Áø³ÇÄÏ³ÇÃÅ	1200	20	0.3	1	3
1	62303	Áø³Ç±±³ÇÃÅ	1200	20	0.3	1	3
1	62304	Áø³Ç¼ýËþ	1000	20	0.3	1	2
1	62305	Áø³Ç¼ýËþ	1000	20	0.3	1	2
1	62306	½¹´¥	3000	40	0.3	1	7
1	62311	Í»Æï±ø	700	5	0.3	1	8
1	62313	Í»Æï±ø	700	5	0.3	1	8
1	62331	¹­¼ý±ø	700	5	0.3	1	8
1	62332	¹­¼ý±ø	700	5	0.3	1	8
1	62340	¹­¼ý±ø	700	5	0.3	1	8
1	62341	¹­¼ý±ø	700	5	0.3	1	8
1	62373	¹­¼ý±ø	700	5	0.3	1	8
1	62374	¹­¼ý±ø	700	5	0.3	1	8
1	62383	¹­¼ý±ø	700	5	0.3	1	8
1	62384	¹­¼ý±ø	700	5	0.3	1	8
1	110363	°×ÀÇÓªÕ¯	1500	8	0.3	2	4
1	120195	Áø³Ç·ÀÊØµã	1000	15	3	1	4
1	130001	Áø³ÇÓªÕ¯	500	5	0.3	0	4
1	130002	Áø³ÇÓªÕ¯	500	5	0.3	0	4
2	62301	Áø³ÇÕþÌü	3000	40	0.3	1	9
2	62306	½¹´¥	3000	40	0.3	1	9
