id	instanceid	靡備	杅講	HP捷杅	馴僻捷杅	淝茠	褒伎濬倰
0	93501	蛚栠鰍傑藷	1200	20	0.3	1	3
0	93502	蛚栠陲傑藷	1200	20	0.3	1	3
0	93503	蛚栠淉泆	3000	40	0.3	1	1
0	93504	蛚栠璋坢	1000	20	0.3	1	2
0	93505	鯗	2000	4	0.3	1	7
0	93506	笚ヱ	2000	4	0.3	1	7
0	93507	嗷埰	2000	4	0.3	1	7
0	93508	殢條	700	4	0.3	1	8
0	93509	僮璋條	700	4	0.3	1	8
0	93510	僮璋條	700	4	0.3	1	8
0	93511	殢條	700	4	0.3	1	8
0	93512	僮璋條	700	4	0.3	1	8
0	93513	殢條	700	4	0.3	1	8
0	93514	殢條	700	4	0.3	1	8
0	93515	殢條	700	4	0.3	1	8
0	93516	僮璋條	700	4	0.3	1	8
0	93517	僮璋條	700	4	0.3	1	8
0	93518	殢條	700	4	0.3	1	8
0	93519	殢條	700	4	0.3	1	8
0	93520	僮璋條	700	4	0.3	1	8
0	93521	僮璋條	700	4	0.3	1	8
0	93522	殢條	700	4	0.3	1	8
0	93523	殢條	700	4	0.3	1	8
0	93524	僮璋條	700	4	0.3	1	8
0	93525	僮璋條	700	4	0.3	1	8
0	93526	僮璋條	700	4	0.3	1	8
0	93527	殢條	700	4	0.3	1	8
0	93528	殢條	700	4	0.3	1	8
0	93529	殢條	700	4	0.3	1	8
0	93530	僮璋條	700	4	0.3	1	8
0	93531	僮璋條	700	4	0.3	1	8
0	93532	殢條	700	4	0.3	1	8
0	93533	殢條	700	4	0.3	1	8
0	93534	僮璋條	700	4	0.3	1	8
0	93535	殢條	700	4	0.3	1	8
0	93536	殢條	700	4	0.3	1	8
0	93537	僮璋條	700	4	0.3	1	8
0	93538	僮璋條	700	4	0.3	1	8
0	93539	殢條	700	4	0.3	1	8
0	93540	殢條	700	4	0.3	1	8
0	93541	僮璋條	700	4	0.3	1	8
0	93542	殢條	700	4	0.3	1	8
0	93543	殢條	700	4	0.3	1	8
0	93544	僮璋條	700	4	0.3	1	8
0	93545	僮璋條	700	4	0.3	1	8
0	93546	僮璋條	700	4	0.3	1	8
0	93547	僮璋條	700	4	0.3	1	8
0	93548	僮璋條	700	4	0.3	1	8
0	93549	僮璋條	700	4	0.3	1	8
0	93550	殢條	700	4	0.3	1	8
0	93551	竣栠條	700	4	0.3	1	8
0	93552	竣栠條	700	4	0.3	1	8
0	93553	笭祭條	700	4	0.3	1	8
0	93554	笭祭條	700	4	0.3	1	8
0	93555	笭祭條	700	4	0.3	1	8
0	93556	殢條	700	4	0.3	1	8
0	93557	殢條	700	4	0.3	1	8
0	93558	笭祭條	700	4	0.3	1	8
0	93559	笭祭條	700	4	0.3	1	8
0	93560	竣栠條	700	4	0.3	1	8
0	93561	竣栠條	700	4	0.3	1	8
0	93562	竣栠條	700	4	0.3	1	8
0	93563	竣栠條	700	4	0.3	1	8
0	93564	竣栠條	700	4	0.3	1	8
0	93565	竣栠條	700	4	0.3	1	8
0	93566	笭祭條	700	4	0.3	1	8
0	93567	笭祭條	700	4	0.3	1	8
0	93568	笭祭條	700	4	0.3	1	8
0	93569	笭祭條	700	4	0.3	1	8
0	93570	шる條	700	4	0.3	1	8
0	93571	殢條	700	4	0.3	1	8
0	93572	笭祭條	700	4	0.3	1	8
0	93573	笭祭條	700	4	0.3	1	8
0	93574	笭祭條	700	4	0.3	1	8
0	93575	笭祭條	700	4	0.3	1	8
0	93576	殢條	700	4	0.3	1	8
0	93577	殢條	700	4	0.3	1	8
0	93578	殢條	700	4	0.3	1	8
0	93579	殢條	700	4	0.3	1	8
0	93580	笭祭條	700	4	0.3	1	8
0	93581	竣栠條	700	4	0.3	1	8
0	93582	竣栠條	700	4	0.3	1	8
0	93583	笭祭條	700	4	0.3	1	8
0	93584	笭祭條	700	4	0.3	1	8
0	93585	笭祭條	700	4	0.3	1	8
0	93586	僮璋條	700	4	0.3	1	8
0	93587	僮璋條	700	4	0.3	1	8
0	93588	шる條	700	4	0.3	1	8
0	93589	笭祭條	700	4	0.3	1	8
0	93590	шる條	700	4	0.3	1	8
0	93591	僮璋條	700	4	0.3	1	8
0	93592	僮璋條	700	4	0.3	1	8
0	93593	笭祭條	700	4	0.3	1	8
0	93594	笭祭條	700	4	0.3	1	8
0	93595	笭祭條	700	4	0.3	1	8
0	93596	殢條	700	4	0.3	1	8
0	93597	殢條	700	4	0.3	1	8
0	93598	шる條	700	4	0.3	1	8
0	93599	笭祭條	700	4	0.3	1	8
0	93600	殢條	700	4	0.3	1	8
0	93601	僮璋條	700	4	0.3	1	8
0	93602	僮璋條	700	4	0.3	1	8
0	93603	僮璋條	700	4	0.3	1	8
0	93604	笭祭條	700	4	0.3	1	8
0	93605	笭祭條	700	4	0.3	1	8
0	93606	шる條	700	4	0.3	1	8
0	93607	殢條	700	4	0.3	1	8
0	93608	殢條	700	4	0.3	1	8
0	93609	竣栠條	700	4	0.3	1	8
0	93610	竣栠條	700	4	0.3	1	8
0	93611	僮璋條	700	4	0.3	1	8
0	93612	僮璋條	700	4	0.3	1	8
0	93613	僮璋條	700	4	0.3	1	8
0	93614	шる條	700	4	0.3	1	8
0	93615	笭祭條	700	4	0.3	1	8
0	93616	笭祭條	700	4	0.3	1	8
0	93617	шる條	700	4	0.3	1	8
0	93618	殢條	700	4	0.3	1	8
0	93619	殢條	700	4	0.3	1	8
0	93620	笭祭條	700	4	0.3	1	8
0	93621	笭祭條	700	4	0.3	1	8
0	93622	僮璋條	700	4	0.3	1	8
0	93623	竣栠條	700	4	0.3	1	8
0	93624	竣栠條	700	4	0.3	1	8
0	93625	笭祭條	700	4	0.3	1	8
0	93626	殢條	700	4	0.3	1	8
0	93627	僮璋條	700	4	0.3	1	8
0	93628	殢條	700	4	0.3	1	8
0	93629	шる條	700	4	0.3	1	8
0	93630	笭祭條	700	4	0.3	1	8
0	93631	殢條	700	4	0.3	1	8
0	93632	笭祭條	700	4	0.3	1	8
0	93633	笭祭條	700	4	0.3	1	8
0	93634	笭祭條	700	4	0.3	1	8
0	93635	僮璋條	700	4	0.3	1	8
0	93636	шる條	700	4	0.3	1	8
0	93637	шる條	700	4	0.3	1	8
0	93638	竣栠條	700	4	0.3	1	8
0	93639	竣栠條	700	4	0.3	1	8
0	93640	笭祭條	700	4	0.3	1	8
0	93641	笭祭條	700	4	0.3	1	8
0	93642	笭祭條	700	4	0.3	1	8
0	93643	僮璋條	700	4	0.3	1	8
0	93644	僮璋條	700	4	0.3	1	8
0	110323	氈假茠朘	500	4	0.3	2	4
0	130102	蛚栠茠朘	500	4	0.3	0	4
0	130111	蛚栠茠朘	500	4	0.3	0	4
0	130120	蛚栠茠朘	500	4	0.3	0	4
1	93501	蛚栠鰍傑藷	1200	20	0.3	1	3
1	93502	蛚栠陲傑藷	1200	20	0.3	1	3
1	93503	蛚栠淉泆	3000	40	0.3	1	1
1	93504	蛚栠璋坢	1000	20	0.3	1	2
1	93505	鯗	2000	5	0.3	1	7
1	93506	笚ヱ	2000	5	0.3	1	7
1	93507	嗷埰	2000	5	0.3	1	7
1	110323	氈假茠朘	1500	8	0.3	2	4
1	120059	蛚栠滅忐萸	1000	15	3	1	4
1	130102	蛚栠茠朘	500	5	0.3	0	4
1	130111	蛚栠茠朘	500	5	0.3	0	4
1	130120	蛚栠茠朘	500	5	0.3	0	4
2	93503	蛚栠淉泆	3000	40	0.3	1	1
10	110321	嫘荻茠朘	500	5	0.3	2	4
10	110321	嫘荻茠朘	500	5	0.3	2	4
10	110322	豻犒茠朘	500	5	0.3	2	4
10	110322	豻犒茠朘	500	5	0.3	2	4
