id	instanceid	靡備	杅講	HP捷杅	馴僻捷杅	淝茠	褒伎濬倰
0	69201	帠ё鰴Ы	1200	20	0.3	1	3
0	22356	蕩虜茠朘	500	4	0.3	0	4
0	22357	帠ё鷵珃肪	500	4	0.3	0	4
0	22358	帠ё壧肪	500	4	0.3	0	4
0	22359	帠Д敏肪	500	4	0.3	0	4
0	69202	帠Ь炡Ы	1200	20	0.3	1	3
0	69203	帠ЁД掙	1200	20	0.3	1	3
0	69204	帠м泆	3000	40	0.3	1	1
0	69205	帠Ф坢	1000	20	0.3	1	2
0	69206	帠Ф坢	1000	20	0.3	1	2
0	69207	痑咘	2000	4	0.3	1	7
0	69208	Я迼	2000	4	0.3	1	7
0	69209	痑砆	2000	4	0.3	1	7
0	69210	Я媟	2000	4	0.3	1	7
0	69211	殢條	700	4	0.3	1	8
0	69212	殢條	700	4	0.3	1	8
0	69213	殢條	700	4	0.3	1	8
0	69214	殢條	700	4	0.3	1	8
0	69215	殢條	700	4	0.3	1	8
0	69216	殢條	700	4	0.3	1	8
0	69217	殢條	700	4	0.3	1	8
0	69218	殢條	700	4	0.3	1	8
0	69219	殢條	700	4	0.3	1	8
0	69220	殢條	700	4	0.3	1	8
0	69221	殢條	700	4	0.3	1	8
0	69222	殢條	700	4	0.3	1	8
0	69223	殢條	700	4	0.3	1	8
0	69224	殢條	700	4	0.3	1	8
0	69225	殢條	700	4	0.3	1	8
0	69226	殢條	700	4	0.3	1	8
0	69227	殢條	700	4	0.3	1	8
0	69228	殢條	700	4	0.3	1	8
0	69229	殢條	700	4	0.3	1	8
0	69230	殢條	700	4	0.3	1	8
0	69231	殢條	700	4	0.3	1	8
0	69232	殢條	700	4	0.3	1	8
0	69233	殢條	700	4	0.3	1	8
0	69234	殢條	700	4	0.3	1	8
0	69235	殢條	700	4	0.3	1	8
0	69236	殢條	700	4	0.3	1	8
0	69237	殢條	700	4	0.3	1	8
0	69238	殢條	700	4	0.3	1	8
0	69239	殢條	700	4	0.3	1	8
0	69240	殢條	700	4	0.3	1	8
0	69241	殢條	700	4	0.3	1	8
0	69242	殢條	700	4	0.3	1	8
0	69243	殢條	700	4	0.3	1	8
0	69244	殢條	700	4	0.3	1	8
0	69245	殢條	700	4	0.3	1	8
0	69246	殢條	700	4	0.3	1	8
0	69247	殢條	700	4	0.3	1	8
0	69248	殢條	700	4	0.3	1	8
0	69249	殢條	700	4	0.3	1	8
0	69250	殢條	700	4	0.3	1	8
0	69251	酗磢條	700	4	0.3	1	8
0	69252	酗磢條	700	4	0.3	1	8
0	69253	殢條	700	4	0.3	1	8
0	69254	殢條	700	4	0.3	1	8
0	69255	酗磢條	700	4	0.3	1	8
0	69256	殢條	700	4	0.3	1	8
0	69257	殢條	700	4	0.3	1	8
0	69258	酗磢條	700	4	0.3	1	8
0	69259	酗磢條	700	4	0.3	1	8
0	69260	殢條	700	4	0.3	1	8
0	69261	殢條	700	4	0.3	1	8
0	69262	酗磢條	700	4	0.3	1	8
0	69263	殢條	700	4	0.3	1	8
0	69264	殢條	700	4	0.3	1	8
0	69265	酗磢條	700	4	0.3	1	8
0	69266	酗磢條	700	4	0.3	1	8
0	69267	殢條	700	4	0.3	1	8
0	69268	酗磢條	700	4	0.3	1	8
0	69269	酗磢條	700	4	0.3	1	8
0	69270	酗磢條	700	4	0.3	1	8
0	69271	酗磢條	700	4	0.3	1	8
0	69272	酗磢條	700	4	0.3	1	8
0	69273	шる條	700	4	0.3	1	8
0	69274	酗磢條	700	4	0.3	1	8
0	69275	酗磢條	700	4	0.3	1	8
0	69276	酗磢條	700	4	0.3	1	8
0	69277	酗磢條	700	4	0.3	1	8
0	69278	酗磢條	700	4	0.3	1	8
0	69279	酗磢條	700	4	0.3	1	8
0	69280	酗磢條	700	4	0.3	1	8
0	69281	酗磢條	700	4	0.3	1	8
0	69282	酗磢條	700	4	0.3	1	8
0	69283	殢條	700	4	0.3	1	8
0	69284	殢條	700	4	0.3	1	8
0	69285	шる條	700	4	0.3	1	8
0	69286	шる條	700	4	0.3	1	8
0	69287	酗磢條	700	4	0.3	1	8
0	69288	酗磢條	700	4	0.3	1	8
0	69289	殢條	700	4	0.3	1	8
0	69290	殢條	700	4	0.3	1	8
0	69291	殢條	700	4	0.3	1	8
0	69292	шる條	700	4	0.3	1	8
0	69293	шる條	700	4	0.3	1	8
0	69294	酗磢條	700	4	0.3	1	8
0	69295	酗磢條	700	4	0.3	1	8
0	69296	酗磢條	700	4	0.3	1	8
0	69297	殢條	700	4	0.3	1	8
0	69298	殢條	700	4	0.3	1	8
0	69299	酗磢條	700	4	0.3	1	8
0	69300	酗磢條	700	4	0.3	1	8
0	69301	酗磢條	700	4	0.3	1	8
0	69302	酗磢條	700	4	0.3	1	8
0	69303	酗磢條	700	4	0.3	1	8
0	69304	шる條	700	4	0.3	1	8
0	69305	шる條	700	4	0.3	1	8
0	69306	殢條	700	4	0.3	1	8
0	69307	酗磢條	700	4	0.3	1	8
0	69308	酗磢條	700	4	0.3	1	8
0	69309	шる條	700	4	0.3	1	8
0	69310	шる條	700	4	0.3	1	8
0	69311	酗磢條	700	4	0.3	1	8
0	69312	酗磢條	700	4	0.3	1	8
0	69313	殢條	700	4	0.3	1	8
0	69314	殢條	700	4	0.3	1	8
0	69315	殢條	700	4	0.3	1	8
0	69316	殢條	700	4	0.3	1	8
0	69317	酗磢條	700	4	0.3	1	8
0	69318	酗磢條	700	4	0.3	1	8
0	69319	酗磢條	700	4	0.3	1	8
0	69320	酗磢條	700	4	0.3	1	8
0	69321	酗磢條	700	4	0.3	1	8
0	69322	酗磢條	700	4	0.3	1	8
0	69323	шる條	700	4	0.3	1	8
0	69324	шる條	700	4	0.3	1	8
0	69325	酗磢條	700	4	0.3	1	8
0	69326	酗磢條	700	4	0.3	1	8
0	69327	酗磢條	700	4	0.3	1	8
0	69328	酗磢條	700	4	0.3	1	8
0	69329	酗磢條	700	4	0.3	1	8
0	69330	酗磢條	700	4	0.3	1	8
0	69331	殢條	700	4	0.3	1	8
0	69332	殢條	700	4	0.3	1	8
0	69333	殢條	700	4	0.3	1	8
0	69334	殢條	700	4	0.3	1	8
0	69335	殢條	700	4	0.3	1	8
0	69336	殢條	700	4	0.3	1	8
0	69337	殢條	700	4	0.3	1	8
0	69338	殢條	700	4	0.3	1	8
0	69339	殢條	700	4	0.3	1	8
0	110091	等虜茠朘	500	4	0.3	2	4
1	22356	蕩虜茠朘	500	5	0.3	0	4
1	22357	帠ё鷵珃肪	500	5	0.3	0	4
1	22358	帠ё壧肪	500	5	0.3	0	4
1	22359	帠Д敏肪	500	5	0.3	0	4
1	69201	帠ё鰴Ы	1200	20	0.3	1	3
1	69202	帠Ь炡Ы	1200	20	0.3	1	3
1	69203	帠ЁД掙	1200	20	0.3	1	3
1	69204	帠м泆	3000	40	0.3	1	1
1	69205	帠Ф坢	1000	20	0.3	1	2
1	69206	帠Ф坢	1000	20	0.3	1	2
1	69207	痑咘	2000	5	0.3	1	7
1	69208	Я迼	2000	5	0.3	1	7
1	69209	痑砆	2000	5	0.3	1	7
1	69210	Я媟	2000	5	0.3	1	7
1	110091	等虜茠朘	1500	8	0.3	2	4
1	120143	帠Й檄媯	1000	15	3	1	4
2	69204	帠м泆	3000	40	0.3	1	1
10	110092	傖挕茠朘	500	5	0.3	2	4
10	110092	傖挕茠朘	500	5	0.3	2	4
10	110093	傖栠茠朘	500	5	0.3	2	4
10	110093	傖栠茠朘	500	5	0.3	2	4
