id	instanceid	名称	数量	HP倍数	攻击倍数	阵营	角色类型
0	206100	陆乘风	786	2	2	1	7
0	206101	陆乘云	786	2	2	1	7
0	206102	庐江箭塔	2285	1.5	0.5	1	2
0	206103	庐江箭塔	2285	1.5	0.5	1	2
0	206104	陆家家丁	571	2	2	1	8
0	206105	陆家家丁	571	2	2	1	8
0	206106	陆家家丁	571	2	2	1	8
0	206107	陆家家丁	571	2	2	1	8
0	206108	陆康	686	2	2	1	7
0	206109	陆家家丁	571	2	2	1	8
0	206110	陆家家丁	571	2	2	1	8
0	206111	陆家家丁	571	2	2	1	8
0	206112	陆家家丁	571	2	2	1	8
0	206114	拒马	23	1	1	0	0
0	206115	拒马	23	1	1	0	0
0	206116	拒马	23	1	1	0	0
0	206117	水井	23	1	1	0	0
1	206113	刘勋	786	2	2	1	7
2	206100	陆乘风	786	2	2	1	7
3	206101	陆乘云	786	2	2	1	7
4	206108	陆康	786	2	2	1	7
4	206109	陆家家丁	571	2	2	1	8
4	206110	陆家家丁	571	2	2	1	8
4	206111	陆家家丁	571	2	2	1	8
4	206112	陆家家丁	571	2	2	1	8
5	206115	拒马	23	1	1	0	0
5	206116	拒马	23	1	1	0	0
6	206117	水井	23	1	1	0	0
