id	instanceid	靡備	杅講	HP捷杅	馴僻捷杅	淝茠	褒伎濬倰
0	21167	苤驛昹傑藷	1200	20	0.3	1	3
0	21168	苤驛鰍傑藷	1200	20	0.3	1	3
0	21169	苤驛陲傑藷	1200	20	0.3	1	3
0	21170	苤驛淉泆	3000	40	0.3	1	1
0	21171	苤驛璋坢	1000	20	0.3	1	2
0	21172	苤驛璋坢	1000	20	0.3	1	2
0	22101	苤驛鰍茠朘	500	4	0.3	0	4
0	67401	璋瞼	1000	20	0.3	1	2
0	67402	笭祭條	700	4	0.3	1	8
0	67403	笭祭條	700	4	0.3	1	8
0	67404	шる條	700	4	0.3	1	8
0	67405	шる條	700	4	0.3	1	8
0	67406	шる條	700	4	0.3	1	8
0	67407	шる條	700	4	0.3	1	8
0	67408	шる條	700	4	0.3	1	8
0	67409	шる條	700	4	0.3	1	8
0	67410	殢條	700	4	0.3	1	8
0	67411	殢條	700	4	0.3	1	8
0	67412	挔嗟	2000	4	0.3	1	7
0	67413	殢條	700	4	0.3	1	8
0	67414	殢條	700	4	0.3	1	8
0	67415	殢條	700	4	0.3	1	8
0	67416	殢條	700	4	0.3	1	8
0	67417	殢條	700	4	0.3	1	8
0	67418	殢條	700	4	0.3	1	8
0	67419	羚悸	2000	4	0.3	1	7
0	67420	шる條	700	4	0.3	1	8
0	67421	шる條	700	4	0.3	1	8
0	67422	殢條	700	4	0.3	1	8
0	67423	殢條	700	4	0.3	1	8
0	67424	呤夤	2000	4	0.3	1	7
0	67425	殢條	700	4	0.3	1	8
0	67426	殢條	700	4	0.3	1	8
0	67427	殢條	700	4	0.3	1	8
0	67428	殢條	700	4	0.3	1	8
0	67429	殢條	700	4	0.3	1	8
0	67430	殢條	700	4	0.3	1	8
0	67431	殢條	700	4	0.3	1	8
0	67432	殢條	700	4	0.3	1	8
0	67433	殢條	700	4	0.3	1	8
0	67434	殢條	700	4	0.3	1	8
0	67435	殢條	700	4	0.3	1	8
0	67436	殢條	700	4	0.3	1	8
0	67437	殢條	700	4	0.3	1	8
0	67438	殢條	700	4	0.3	1	8
0	67439	殢條	700	4	0.3	1	8
0	67440	殢條	700	4	0.3	1	8
0	67441	殢條	700	4	0.3	1	8
0	67442	殢條	700	4	0.3	1	8
0	67443	殢條	700	4	0.3	1	8
0	67444	殢條	700	4	0.3	1	8
0	67445	殢條	700	4	0.3	1	8
0	67446	殢條	700	4	0.3	1	8
0	67447	殢條	700	4	0.3	1	8
0	67448	殢條	700	4	0.3	1	8
0	67449	殢條	700	4	0.3	1	8
0	67450	殢條	700	4	0.3	1	8
0	67451	殢條	700	4	0.3	1	8
0	67452	殢條	700	4	0.3	1	8
0	67453	殢條	700	4	0.3	1	8
0	67454	殢條	700	4	0.3	1	8
0	67455	殢條	700	4	0.3	1	8
0	67456	шる條	700	4	0.3	1	8
0	67457	шる條	700	4	0.3	1	8
0	67458	笭祭條	700	4	0.3	1	8
0	67459	笭祭條	700	4	0.3	1	8
0	67460	笭祭條	700	4	0.3	1	8
0	67461	笭祭條	700	4	0.3	1	8
0	67462	麻	2000	4	0.3	1	7
0	67463	殢條	700	4	0.3	1	8
0	67464	殢條	700	4	0.3	1	8
0	67465	笭祭條	700	4	0.3	1	8
0	67466	笭祭條	700	4	0.3	1	8
0	67467	殢條	700	4	0.3	1	8
0	67468	殢條	700	4	0.3	1	8
0	67469	笭祭條	700	4	0.3	1	8
0	67470	笭祭條	700	4	0.3	1	8
0	67471	笭祭條	700	4	0.3	1	8
0	67472	笭祭條	700	4	0.3	1	8
0	67473	шる條	700	4	0.3	1	8
0	67474	笭祭條	700	4	0.3	1	8
0	67475	шる條	700	4	0.3	1	8
0	67476	笭祭條	700	4	0.3	1	8
0	67477	笭祭條	700	4	0.3	1	8
0	67478	шる條	700	4	0.3	1	8
0	67479	笭祭條	700	4	0.3	1	8
0	67480	笭祭條	700	4	0.3	1	8
0	67481	шる條	700	4	0.3	1	8
0	67482	шる條	700	4	0.3	1	8
0	67483	殢條	700	4	0.3	1	8
0	67484	笭祭條	700	4	0.3	1	8
0	67485	笭祭條	700	4	0.3	1	8
0	67486	穈啪	2000	4	0.3	1	7
0	67487	笭祭條	700	4	0.3	1	8
0	67488	笭祭條	700	4	0.3	1	8
0	67489	шる條	700	4	0.3	1	8
0	67490	шる條	700	4	0.3	1	8
0	67491	шる條	700	4	0.3	1	8
0	110077	‾к肪	500	4	0.3	2	4
0	130039	苤驛茠朘	500	4	0.3	0	4
0	130040	苤驛茠朘	500	4	0.3	0	4
1	21167	苤驛昹傑藷	1200	20	0.3	1	3
1	21168	苤驛鰍傑藷	1200	20	0.3	1	3
1	21169	苤驛陲傑藷	1200	20	0.3	1	3
1	21170	苤驛淉泆	3000	40	0.3	1	1
1	21171	苤驛璋坢	1000	20	0.3	1	2
1	21172	苤驛璋坢	1000	20	0.3	1	2
1	22101	苤驛鰍茠朘	500	5	0.3	0	4
1	67401	璋瞼	1000	20	0.3	1	2
1	67410	殢條	700	5	0.3	1	8
1	67411	殢條	700	5	0.3	1	8
1	67412	挔嗟	2000	5	0.3	1	7
1	67416	殢條	700	5	0.3	1	8
1	67417	殢條	700	5	0.3	1	8
1	67418	殢條	700	5	0.3	1	8
1	67419	羚悸	2000	5	0.3	1	7
1	67422	殢條	700	5	0.3	1	8
1	67423	殢條	700	5	0.3	1	8
1	67424	呤夤	2000	5	0.3	1	7
1	67427	殢條	700	5	0.3	1	8
1	67428	殢條	700	5	0.3	1	8
1	67434	殢條	700	5	0.3	1	8
1	67436	殢條	700	5	0.3	1	8
1	67441	殢條	700	5	0.3	1	8
1	67442	殢條	700	5	0.3	1	8
1	67458	笭祭條	700	5	0.3	1	8
1	67459	笭祭條	700	5	0.3	1	8
1	67460	笭祭條	700	5	0.3	1	8
1	67461	笭祭條	700	5	0.3	1	8
1	67462	麻	2000	5	0.3	1	7
1	110077	‾к肪	1500	8	0.3	2	4
1	120131	苤驛滅忐萸	1000	15	3	1	4
1	130039	苤驛茠朘	500	5	0.3	0	4
1	130040	苤驛茠朘	500	5	0.3	0	4
2	21170	苤驛淉泆	3000	40	0.3	1	1
