id	instanceid	靡備	杅講	HP捷杅	馴僻捷杅	淝茠	褒伎濬倰
0	87601	昹傑淉泆	3000	40	0.3	1	1
0	22062	蓔笢鰍茠朘	500	4	0.3	0	4
0	87602	昹傑璋瞼	1000	20	0.3	1	2
0	87603	昹傑璋瞼	1000	20	0.3	1	2
0	87604	昹傑鰍傑藷	1200	20	0.3	1	3
0	87605	扠窖	2000	4	0.3	1	7
0	87606	殢條	700	4	0.3	1	8
0	87607	殢條	700	4	0.3	1	8
0	87608	酗磢條	700	4	0.3	1	8
0	87609	酗磢條	700	4	0.3	1	8
0	87610	殢條	700	4	0.3	1	8
0	87611	殢條	700	4	0.3	1	8
0	87612	酗磢條	700	4	0.3	1	8
0	87613	酗磢條	700	4	0.3	1	8
0	87614	笭る條	700	4	0.3	1	8
0	87615	笭る條	700	4	0.3	1	8
0	87616	腌玵	2000	4	0.3	1	7
0	87617	殢條	700	4	0.3	1	8
0	87618	殢條	700	4	0.3	1	8
0	87619	笭る條	700	4	0.3	1	8
0	87620	笭る條	700	4	0.3	1	8
0	87621	笭る條	700	4	0.3	1	8
0	87622	笭る條	700	4	0.3	1	8
0	87623	笭る條	700	4	0.3	1	8
0	87624	笭る條	700	4	0.3	1	8
0	87625	酗磢條	700	4	0.3	1	8
0	87626	酗磢條	700	4	0.3	1	8
0	87627	酗磢條	700	4	0.3	1	8
0	87628	酗磢條	700	4	0.3	1	8
0	87629	殢條	700	4	0.3	1	8
0	87630	殢條	700	4	0.3	1	8
0	87631	殢條	700	4	0.3	1	8
0	87632	殢條	700	4	0.3	1	8
0	87633	殢條	700	4	0.3	1	8
0	87634	殢條	700	4	0.3	1	8
0	87635	殢條	700	4	0.3	1	8
0	87636	殢條	700	4	0.3	1	8
0	87637	殢條	700	4	0.3	1	8
0	87638	殢條	700	4	0.3	1	8
0	87639	殢條	700	4	0.3	1	8
0	87640	殢條	700	4	0.3	1	8
0	87641	殢條	700	4	0.3	1	8
0	87642	殢條	700	4	0.3	1	8
0	87643	殢條	700	4	0.3	1	8
0	87644	殢條	700	4	0.3	1	8
0	87645	殢條	700	4	0.3	1	8
0	87646	殢條	700	4	0.3	1	8
0	87647	殢條	700	4	0.3	1	8
0	87648	殢條	700	4	0.3	1	8
0	87649	殢條	700	4	0.3	1	8
0	87650	殢條	700	4	0.3	1	8
0	87651	扠痀	2000	4	0.3	1	7
0	87652	酗磢條	700	4	0.3	1	8
0	87653	酗磢條	700	4	0.3	1	8
0	87654	笭る條	700	4	0.3	1	8
0	87655	笭る條	700	4	0.3	1	8
0	87656	酗磢條	700	4	0.3	1	8
0	87657	酗磢條	700	4	0.3	1	8
0	87658	酗磢條	700	4	0.3	1	8
0	87659	酗磢條	700	4	0.3	1	8
0	87660	笭る條	700	4	0.3	1	8
0	87661	笭る條	700	4	0.3	1	8
0	87662	酗磢條	700	4	0.3	1	8
0	87663	酗磢條	700	4	0.3	1	8
0	87664	燠落	2000	4	0.3	1	7
0	87665	笭る條	700	4	0.3	1	8
0	87666	笭る條	700	4	0.3	1	8
0	87667	酗磢條	700	4	0.3	1	8
0	87668	酗磢條	700	4	0.3	1	8
0	87669	殢條	700	4	0.3	1	8
0	87670	殢條	700	4	0.3	1	8
0	87671	殢條	700	4	0.3	1	8
0	87672	殢條	700	4	0.3	1	8
0	87673	殢條	700	4	0.3	1	8
0	87674	殢條	700	4	0.3	1	8
0	87675	殢條	700	4	0.3	1	8
0	87676	殢條	700	4	0.3	1	8
0	87677	殢條	700	4	0.3	1	8
0	87678	殢條	700	4	0.3	1	8
0	87679	殢條	700	4	0.3	1	8
0	87680	殢條	700	4	0.3	1	8
0	87681	殢條	700	4	0.3	1	8
0	87682	殢條	700	4	0.3	1	8
0	87683	殢條	700	4	0.3	1	8
0	87684	殢條	700	4	0.3	1	8
0	87685	殢條	700	4	0.3	1	8
0	87686	殢條	700	4	0.3	1	8
0	87687	殢條	700	4	0.3	1	8
0	87688	殢條	700	4	0.3	1	8
0	87689	酗磢條	700	4	0.3	1	8
0	87690	酗磢條	700	4	0.3	1	8
0	87691	笭る條	700	4	0.3	1	8
0	87692	笭る條	700	4	0.3	1	8
0	87693	酗磢條	700	4	0.3	1	8
0	87694	酗磢條	700	4	0.3	1	8
0	87695	殢條	700	4	0.3	1	8
0	87696	殢條	700	4	0.3	1	8
0	87697	殢條	700	4	0.3	1	8
0	110264	瓮茠朘	500	4	0.3	2	4
0	130089	昹傑茠朘	500	4	0.3	0	4
1	22062	蓔笢鰍茠朘	500	5	0.3	0	4
1	87601	昹傑淉泆	3000	40	0.3	1	1
1	87602	昹傑璋瞼	1000	20	0.3	1	2
1	87603	昹傑璋瞼	1000	20	0.3	1	2
1	87604	昹傑鰍傑藷	1200	20	0.3	1	3
1	87605	扠窖	2000	5	0.3	1	7
1	87606	殢條	700	5	0.3	1	8
1	87607	殢條	700	5	0.3	1	8
1	87612	酗磢條	700	5	0.3	1	8
1	87613	酗磢條	700	5	0.3	1	8
1	87616	腌玵	2000	5	0.3	1	8
1	87617	殢條	700	5	0.3	1	8
1	87618	殢條	700	5	0.3	1	8
1	87629	殢條	700	5	0.3	1	8
1	87630	殢條	700	5	0.3	1	8
1	87641	殢條	700	5	0.3	1	8
1	87642	殢條	700	5	0.3	1	8
1	87651	扠痀	2000	5	0.3	1	7
1	87652	酗磢條	700	5	0.3	1	8
1	87653	酗磢條	700	5	0.3	1	8
1	87664	燠落	2000	5	0.3	1	7
1	87665	笭る條	700	5	0.3	1	8
1	87666	笭る條	700	5	0.3	1	8
1	87669	殢條	700	5	0.3	1	8
1	87670	殢條	700	5	0.3	1	8
1	87679	殢條	700	5	0.3	1	8
1	87680	殢條	700	5	0.3	1	8
1	110264	瓮茠朘	1500	8	0.3	2	4
1	120141	昹傑滅忐萸	1000	15	3	1	4
1	130089	昹傑茠朘	500	5	0.3	0	4
2	87601	昹傑淉泆	3000	40	0.3	1	1
