id	instanceid	靡備	杅講	HP捷杅	馴僻捷杅	淝茠	褒伎濬倰
0	94101	栠鍬淉泆	3000	40	0.3	1	1
0	94102	栠鍬鰍傑藷	1200	20	0.3	1	3
0	94103	栠鍬控傑藷	1200	20	0.3	1	3
0	94104	栠鍬璋坢	1000	20	0.3	1	2
0	94105	栠鍬璋坢	1000	20	0.3	1	2
0	94106	笚鉒	3000	40	0.3	1	7
0	94107	竣栠條	700	4	0.3	1	8
0	94108	竣栠條	700	4	0.3	1	8
0	94109	竣栠條	700	4	0.3	1	8
0	94110	竣栠條	700	4	0.3	1	8
0	94111	竣栠條	700	4	0.3	1	8
0	94112	殢條	700	4	0.3	1	8
0	94113	竣栠條	700	4	0.3	1	8
0	94114	殢條	700	4	0.3	1	8
0	94115	竣栠條	700	4	0.3	1	8
0	94116	竣栠條	700	4	0.3	1	8
0	94117	竣栠條	700	4	0.3	1	8
0	94118	竣栠條	700	4	0.3	1	8
0	94119	殢條	700	4	0.3	1	8
0	94120	殢條	700	4	0.3	1	8
0	94121	竣栠條	700	4	0.3	1	8
0	94122	竣栠條	700	4	0.3	1	8
0	94123	殢條	700	4	0.3	1	8
0	94124	殢條	700	4	0.3	1	8
0	94125	竣栠條	700	4	0.3	1	8
0	94126	竣栠條	700	4	0.3	1	8
0	94127	竣栠條	700	4	0.3	1	8
0	94128	竣栠條	700	4	0.3	1	8
0	94129	竣栠條	700	4	0.3	1	8
0	94130	竣栠條	700	4	0.3	1	8
0	94131	殢條	700	4	0.3	1	8
0	94132	殢條	700	4	0.3	1	8
0	94133	殢條	700	4	0.3	1	8
0	94134	殢條	700	4	0.3	1	8
0	94135	殢條	700	4	0.3	1	8
0	94136	殢條	700	4	0.3	1	8
0	94137	殢條	700	4	0.3	1	8
0	94138	殢條	700	4	0.3	1	8
0	94139	殢條	700	4	0.3	1	8
0	94140	殢條	700	4	0.3	1	8
0	94141	殢條	700	4	0.3	1	8
0	94142	殢條	700	4	0.3	1	8
0	94143	殢條	700	4	0.3	1	8
0	94144	殢條	700	4	0.3	1	8
0	94145	殢條	700	4	0.3	1	8
0	94146	殢條	700	4	0.3	1	8
0	94147	殢條	700	4	0.3	1	8
0	94148	殢條	700	4	0.3	1	8
0	94149	竣栠條	700	4	0.3	1	8
0	94150	竣栠條	700	4	0.3	1	8
0	94151	竣栠條	700	4	0.3	1	8
0	94152	竣栠條	700	4	0.3	1	8
0	94153	殢條	700	4	0.3	1	8
0	94154	殢條	700	4	0.3	1	8
0	94155	竣栠條	700	4	0.3	1	8
0	94156	竣栠條	700	4	0.3	1	8
0	94157	竣栠條	700	4	0.3	1	8
0	94158	竣栠條	700	4	0.3	1	8
0	94159	竣栠條	700	4	0.3	1	8
0	94160	竣栠條	700	4	0.3	1	8
0	94161	殢條	700	4	0.3	1	8
0	94162	殢條	700	4	0.3	1	8
0	94163	竣栠條	700	4	0.3	1	8
0	94164	竣栠條	700	4	0.3	1	8
0	94165	竣栠條	700	4	0.3	1	8
0	94166	竣栠條	700	4	0.3	1	8
0	94167	竣栠條	700	4	0.3	1	8
0	94168	竣栠條	700	4	0.3	1	8
0	94169	殢條	700	4	0.3	1	8
0	94170	殢條	700	4	0.3	1	8
0	94171	竣栠條	700	4	0.3	1	8
0	94172	竣栠條	700	4	0.3	1	8
0	94173	殢條	700	4	0.3	1	8
0	94174	殢條	700	4	0.3	1	8
0	94175	殢條	700	4	0.3	1	8
0	94176	殢條	700	4	0.3	1	8
0	94177	殢條	700	4	0.3	1	8
0	94178	殢條	700	4	0.3	1	8
0	94179	殢條	700	4	0.3	1	8
0	94180	殢條	700	4	0.3	1	8
0	94181	殢條	700	4	0.3	1	8
0	94182	殢條	700	4	0.3	1	8
0	94183	殢條	700	4	0.3	1	8
0	94184	殢條	700	4	0.3	1	8
0	94185	殢條	700	4	0.3	1	8
0	94186	殢條	700	4	0.3	1	8
0	94187	殢條	700	4	0.3	1	8
0	94188	殢條	700	4	0.3	1	8
0	94189	殢條	700	4	0.3	1	8
0	94190	殢條	700	4	0.3	1	8
0	94191	殢條	700	4	0.3	1	8
0	94192	殢條	700	4	0.3	1	8
0	94193	竣栠條	700	4	0.3	1	8
0	94194	竣栠條	700	4	0.3	1	8
0	94195	竣栠條	700	4	0.3	1	8
0	94196	竣栠條	700	4	0.3	1	8
0	94197	竣栠條	700	4	0.3	1	8
0	94198	竣栠條	700	4	0.3	1	8
0	94199	竣栠條	700	4	0.3	1	8
0	94200	竣栠條	700	4	0.3	1	8
0	110403	匙⑧茠朘	500	4	0.3	2	4
0	130021	栠鍬茠朘	500	4	0.3	0	4
0	130022	栠鍬茠朘	500	4	0.3	0	4
1	94101	栠鍬淉泆	3000	40	0.3	1	1
1	94102	栠鍬鰍傑藷	1200	20	0.3	1	3
1	94103	栠鍬控傑藷	1200	20	0.3	1	3
1	94104	栠鍬璋坢	1000	20	0.3	1	2
1	94105	栠鍬璋坢	1000	20	0.3	1	2
1	94106	笚鉒	3000	40	0.3	1	7
1	94111	竣栠條	700	5	0.3	1	8
1	94113	竣栠條	700	5	0.3	1	8
1	94131	殢條	700	5	0.3	1	8
1	94133	殢條	700	5	0.3	1	8
1	94140	殢條	700	5	0.3	1	8
1	94141	殢條	700	5	0.3	1	8
1	94170	殢條	700	5	0.3	1	8
1	94173	殢條	700	5	0.3	1	8
1	94183	殢條	700	5	0.3	1	8
1	94184	殢條	700	5	0.3	1	8
1	110403	匙⑧茠朘	1500	8	0.3	2	4
1	120205	栠鍬滅忐萸	1000	15	3	1	4
1	130021	栠鍬茠朘	500	5	0.3	0	4
1	130022	栠鍬茠朘	500	5	0.3	0	4
2	94101	栠鍬淉泆	3000	40	0.3	1	9
2	94106	笚鉒	3000	40	0.3	1	9
