id	instanceid	靡備	杅講	HP捷杅	馴僻捷杅	淝茠	褒伎濬倰
0	85701	珗檔控傑藷	1200	20	0.3	1	3
0	22248	珗檔茠朘	500	4	0.3	0	4
0	22249	珗檔茠朘	500	4	0.3	0	4
0	85702	珗檔鰍傑藷	1200	20	0.3	1	3
0	85703	珗檔昹傑藷	1200	20	0.3	1	3
0	85704	珗檔璋瞼	1000	20	0.3	1	2
0	85705	珗檔璋瞼	1000	20	0.3	1	2
0	85706	珗檔淉泆	3000	40	0.3	1	1
0	85707	蛅	2000	4	0.3	1	7
0	85708	雁脰饒	2000	4	0.3	1	7
0	85709	陝頗鄎	2000	4	0.3	1	7
0	85710	僮璋條	700	4	0.3	1	8
0	85711	僮璋條	700	4	0.3	1	8
0	85712	僮璋條	700	4	0.3	1	8
0	85713	僮璋條	700	4	0.3	1	8
0	85714	僮璋條	700	4	0.3	1	8
0	85715	僮璋條	700	4	0.3	1	8
0	85716	僮璋條	700	4	0.3	1	8
0	85717	僮璋條	700	4	0.3	1	8
0	85718	僮璋條	700	4	0.3	1	8
0	85719	僮璋條	700	4	0.3	1	8
0	85720	僮璋條	700	4	0.3	1	8
0	85721	僮璋條	700	4	0.3	1	8
0	85722	僮璋條	700	4	0.3	1	8
0	85723	僮璋條	700	4	0.3	1	8
0	85724	僮璋條	700	4	0.3	1	8
0	85725	僮璋條	700	4	0.3	1	8
0	85726	僮璋條	700	4	0.3	1	8
0	85727	僮璋條	700	4	0.3	1	8
0	85728	僮璋條	700	4	0.3	1	8
0	85729	僮璋條	700	4	0.3	1	8
0	85730	僮璋條	700	4	0.3	1	8
0	85731	僮璋條	700	4	0.3	1	8
0	85732	僮璋條	700	4	0.3	1	8
0	85733	僮璋條	700	4	0.3	1	8
0	85734	僮璋條	700	4	0.3	1	8
0	85735	僮璋條	700	4	0.3	1	8
0	85736	僮璋條	700	4	0.3	1	8
0	85737	僮璋條	700	4	0.3	1	8
0	85738	僮璋條	700	4	0.3	1	8
0	85739	僮璋條	700	4	0.3	1	8
0	85740	滄絮條	700	4	0.3	1	8
0	85741	滄絮條	700	4	0.3	1	8
0	85742	滄絮條	700	4	0.3	1	8
0	85743	滄絮條	700	4	0.3	1	8
0	85744	雙條	700	4	0.3	1	8
0	85745	雙條	700	4	0.3	1	8
0	85746	砓條	700	4	0.3	1	8
0	85747	砓條	700	4	0.3	1	8
0	85748	砓條	700	4	0.3	1	8
0	85749	砓條	700	4	0.3	1	8
0	85750	笭る條	700	4	0.3	1	8
0	85751	笭る條	700	4	0.3	1	8
0	85752	雙條	700	4	0.3	1	8
0	85753	雙條	700	4	0.3	1	8
0	85754	雙條	700	4	0.3	1	8
0	85755	雙條	700	4	0.3	1	8
0	85756	雙條	700	4	0.3	1	8
0	85757	雙條	700	4	0.3	1	8
0	85758	雙條	700	4	0.3	1	8
0	85759	雙條	700	4	0.3	1	8
0	85760	雙條	700	4	0.3	1	8
0	85761	雙條	700	4	0.3	1	8
0	85762	雙條	700	4	0.3	1	8
0	85763	雙條	700	4	0.3	1	8
0	85764	雙條	700	4	0.3	1	8
0	85765	雙條	700	4	0.3	1	8
0	85766	雙條	700	4	0.3	1	8
0	85767	雙條	700	4	0.3	1	8
0	85768	雙條	700	4	0.3	1	8
0	85769	雙條	700	4	0.3	1	8
0	85770	雙條	700	4	0.3	1	8
0	85771	雙條	700	4	0.3	1	8
0	85772	雙條	700	4	0.3	1	8
0	85773	雙條	700	4	0.3	1	8
0	85774	雙條	700	4	0.3	1	8
0	85775	雙條	700	4	0.3	1	8
0	85776	砓條	700	4	0.3	1	8
0	85777	砓條	700	4	0.3	1	8
0	85778	砓條	700	4	0.3	1	8
0	85779	砓條	700	4	0.3	1	8
0	85780	砓條	700	4	0.3	1	8
0	85781	笭る條	700	4	0.3	1	8
0	85782	笭る條	700	4	0.3	1	8
0	85783	笭る條	700	4	0.3	1	8
0	85784	笭る條	700	4	0.3	1	8
0	85785	笭る條	700	4	0.3	1	8
0	85786	笭る條	700	4	0.3	1	8
0	85787	笭る條	700	4	0.3	1	8
0	85788	笭る條	700	4	0.3	1	8
0	85789	笭る條	700	4	0.3	1	8
0	85790	雙條	700	4	0.3	1	8
0	85791	雙條	700	4	0.3	1	8
0	85792	雙條	700	4	0.3	1	8
0	85793	雙條	700	4	0.3	1	8
0	85794	雙條	700	4	0.3	1	8
0	85795	雙條	700	4	0.3	1	8
0	85796	雙條	700	4	0.3	1	8
0	85797	雙條	700	4	0.3	1	8
0	85798	雙條	700	4	0.3	1	8
0	85799	雙條	700	4	0.3	1	8
0	85800	雙條	700	4	0.3	1	8
0	85801	雙條	700	4	0.3	1	8
0	85802	雙條	700	4	0.3	1	8
0	85803	雙條	700	4	0.3	1	8
0	85804	雙條	700	4	0.3	1	8
0	85805	雙條	700	4	0.3	1	8
0	85806	砓條	700	4	0.3	1	8
0	85807	砓條	700	4	0.3	1	8
0	85808	砓條	700	4	0.3	1	8
0	85809	砓條	700	4	0.3	1	8
0	85810	砓條	700	4	0.3	1	8
0	85811	笭る條	700	4	0.3	1	8
0	85812	笭る條	700	4	0.3	1	8
0	85813	笭る條	700	4	0.3	1	8
0	85814	雙條	700	4	0.3	1	8
0	85815	雙條	700	4	0.3	1	8
0	85816	砓條	700	4	0.3	1	8
0	85817	砓條	700	4	0.3	1	8
0	85818	笭る條	700	4	0.3	1	8
0	85819	笭る條	700	4	0.3	1	8
0	85820	笭る條	700	4	0.3	1	8
0	85821	笭る條	700	4	0.3	1	8
0	85822	雙條	700	4	0.3	1	8
0	85823	雙條	700	4	0.3	1	8
0	85824	雙條	700	4	0.3	1	8
0	85825	雙條	700	4	0.3	1	8
0	85826	雙條	700	4	0.3	1	8
0	85827	雙條	700	4	0.3	1	8
0	85828	雙條	700	4	0.3	1	8
0	85829	雙條	700	4	0.3	1	8
0	85830	雙條	700	4	0.3	1	8
0	85831	雙條	700	4	0.3	1	8
0	85832	雙條	700	4	0.3	1	8
0	85833	雙條	700	4	0.3	1	8
0	85834	雙條	700	4	0.3	1	8
0	85835	雙條	700	4	0.3	1	8
0	85836	雙條	700	4	0.3	1	8
0	85837	雙條	700	4	0.3	1	8
0	85838	雙條	700	4	0.3	1	8
0	85839	雙條	700	4	0.3	1	8
0	85840	雙條	700	4	0.3	1	8
0	85841	雙條	700	4	0.3	1	8
0	85842	雙條	700	4	0.3	1	8
0	85843	雙條	700	4	0.3	1	8
0	85844	雙條	700	4	0.3	1	8
0	85845	雙條	700	4	0.3	1	8
0	85846	笭る條	700	4	0.3	1	8
0	85847	笭る條	700	4	0.3	1	8
0	85848	雙條	700	4	0.3	1	8
0	85849	雙條	700	4	0.3	1	8
0	85850	雙條	700	4	0.3	1	8
0	85851	雙條	700	4	0.3	1	8
0	110241	す痁茠朘	500	4	0.3	2	4
1	22248	珗檔茠朘	500	5	0.3	0	4
1	22249	珗檔茠朘	500	5	0.3	0	4
1	85701	珗檔控傑藷	1200	20	0.3	1	3
1	85702	珗檔鰍傑藷	1200	20	0.3	1	3
1	85703	珗檔昹傑藷	1200	20	0.3	1	3
1	85704	珗檔璋瞼	1000	20	0.3	1	2
1	85705	珗檔璋瞼	1000	20	0.3	1	2
1	85706	珗檔淉泆	3000	40	0.3	1	1
1	85707	蛅	2000	5	0.3	1	7
1	85708	雁脰饒	2000	5	0.3	1	7
1	85709	陝頗鄎	2000	5	0.3	1	7
1	110241	す痁茠朘	1500	8	0.3	2	4
1	120067	珗檔滅忐萸	1000	15	3	1	4
2	85706	珗檔淉泆	3000	40	0.3	1	1
10	110242	抶硌茠朘	500	5	0.3	2	4
10	110242	抶硌茠朘	500	5	0.3	2	4
10	110243	曆謜茠朘	500	5	0.3	2	4
10	110243	曆謜茠朘	500	5	0.3	2	4
