id	instanceid	靡備	杅講	HP捷杅	馴僻捷杅	淝茠	褒伎濬倰
0	93901	唹梒淉泆	3000	40	0.3	1	1
0	22309	唹梒茠朘	500	4	0.3	0	4
0	22310	唹梒茠朘	500	4	0.3	0	4
0	22311	唹梒茠朘	500	4	0.3	0	4
0	93902	唹梒陲傑藷	1200	20	0.3	1	3
0	93903	唹梒控傑藷	1200	20	0.3	1	3
0	93904	唹梒鰍傑藷	1200	20	0.3	1	3
0	93905	璋坢	1000	20	0.3	1	2
0	93906	璋坢	1000	20	0.3	1	2
0	93907	璋坢	1000	20	0.3	1	2
0	93908	璋坢	1000	20	0.3	1	2
0	93909	璋坢	1000	20	0.3	1	2
0	93910	璋坢	1000	20	0.3	1	2
0	93911	璋坢	1000	20	0.3	1	2
0	93912	璋坢	1000	20	0.3	1	2
0	93913	竣栠條	700	4	0.3	1	8
0	93914	竣栠條	700	4	0.3	1	8
0	93915	殢條	700	4	0.3	1	8
0	93916	殢條	700	4	0.3	1	8
0	93917	竣栠條	700	4	0.3	1	8
0	93918	竣栠條	700	4	0.3	1	8
0	93919	殢條	700	4	0.3	1	8
0	93920	殢條	700	4	0.3	1	8
0	93921	竣栠條	700	4	0.3	1	8
0	93922	竣栠條	700	4	0.3	1	8
0	93923	殢條	700	4	0.3	1	8
0	93924	殢條	700	4	0.3	1	8
0	93925	竣栠條	700	4	0.3	1	8
0	93926	竣栠條	700	4	0.3	1	8
0	93927	竣栠條	700	4	0.3	1	8
0	93928	殢條	700	4	0.3	1	8
0	93929	殢條	700	4	0.3	1	8
0	93930	殢條	700	4	0.3	1	8
0	93931	шる條	700	4	0.3	1	8
0	93932	шる條	700	4	0.3	1	8
0	93933	酗磢條	700	4	0.3	1	8
0	93934	酗磢條	700	4	0.3	1	8
0	93935	шる條	700	4	0.3	1	8
0	93936	шる條	700	4	0.3	1	8
0	93937	酗磢條	700	4	0.3	1	8
0	93938	酗磢條	700	4	0.3	1	8
0	93939	шる條	700	4	0.3	1	8
0	93940	шる條	700	4	0.3	1	8
0	93941	酗磢條	700	4	0.3	1	8
0	93942	酗磢條	700	4	0.3	1	8
0	93943	竣栠條	700	4	0.3	1	8
0	93944	竣栠條	700	4	0.3	1	8
0	93945	竣栠條	700	4	0.3	1	8
0	93946	竣栠條	700	4	0.3	1	8
0	93947	卼詢	2000	4	0.3	1	7
0	93948	竣栠條	700	4	0.3	1	8
0	93949	竣栠條	700	4	0.3	1	8
0	93950	竣栠條	700	4	0.3	1	8
0	93951	竣栠條	700	4	0.3	1	8
0	93952	卼逜	2000	4	0.3	1	7
0	93953	竣栠條	700	4	0.3	1	8
0	93954	竣栠條	700	4	0.3	1	8
0	93955	竣栠條	700	4	0.3	1	8
0	93956	竣栠條	700	4	0.3	1	8
0	93957	卼嶊	2000	4	0.3	1	7
0	93958	殢條	700	4	0.3	1	8
0	93959	殢條	700	4	0.3	1	8
0	93960	殢條	700	4	0.3	1	8
0	93961	殢條	700	4	0.3	1	8
0	93962	殢條	700	4	0.3	1	8
0	93963	殢條	700	4	0.3	1	8
0	93964	殢條	700	4	0.3	1	8
0	93965	殢條	700	4	0.3	1	8
0	93966	殢條	700	4	0.3	1	8
0	93967	殢條	700	4	0.3	1	8
0	93968	殢條	700	4	0.3	1	8
0	93969	殢條	700	4	0.3	1	8
0	93970	殢條	700	4	0.3	1	8
0	93971	殢條	700	4	0.3	1	8
0	93972	殢條	700	4	0.3	1	8
0	93973	殢條	700	4	0.3	1	8
0	93974	殢條	700	4	0.3	1	8
0	93975	殢條	700	4	0.3	1	8
0	93976	殢條	700	4	0.3	1	8
0	93977	殢條	700	4	0.3	1	8
0	93978	殢條	700	4	0.3	1	8
0	93979	殢條	700	4	0.3	1	8
0	93980	殢條	700	4	0.3	1	8
0	93981	殢條	700	4	0.3	1	8
0	93982	殢條	700	4	0.3	1	8
0	93983	殢條	700	4	0.3	1	8
0	93984	殢條	700	4	0.3	1	8
0	93985	殢條	700	4	0.3	1	8
0	93986	竣栠條	700	4	0.3	1	8
0	93987	竣栠條	700	4	0.3	1	8
0	93988	竣栠條	700	4	0.3	1	8
0	93989	竣栠條	700	4	0.3	1	8
0	93990	殢條	700	4	0.3	1	8
0	93991	殢條	700	4	0.3	1	8
0	93992	殢條	700	4	0.3	1	8
0	93993	殢條	700	4	0.3	1	8
0	93994	竣栠條	700	4	0.3	1	8
0	93995	竣栠條	700	4	0.3	1	8
0	93996	殢條	700	4	0.3	1	8
0	93997	殢條	700	4	0.3	1	8
0	93998	竣栠條	700	4	0.3	1	8
0	93999	竣栠條	700	4	0.3	1	8
0	94000	殢條	700	4	0.3	1	8
0	94001	殢條	700	4	0.3	1	8
0	94002	殢條	700	4	0.3	1	8
0	94003	殢條	700	4	0.3	1	8
0	94004	殢條	700	4	0.3	1	8
0	94005	殢條	700	4	0.3	1	8
0	94006	殢條	700	4	0.3	1	8
0	94007	殢條	700	4	0.3	1	8
0	94008	殢條	700	4	0.3	1	8
0	94009	殢條	700	4	0.3	1	8
0	94010	隸翑	2000	4	0.3	1	7
0	94011	紾薳	2000	4	0.3	1	7
0	110328	奻絆茠朘	500	4	0.3	2	4
1	22309	唹梒茠朘	500	5	0.3	0	4
1	22310	唹梒茠朘	500	5	0.3	0	4
1	22311	唹梒茠朘	500	5	0.3	0	4
1	93901	唹梒淉泆	3000	40	0.3	1	1
1	93902	唹梒陲傑藷	1200	20	0.3	1	3
1	93903	唹梒控傑藷	1200	20	0.3	1	3
1	93904	唹梒鰍傑藷	1200	20	0.3	1	3
1	93905	璋坢	1000	20	0.3	1	2
1	93906	璋坢	1000	20	0.3	1	2
1	93907	璋坢	1000	20	0.3	1	2
1	93908	璋坢	1000	20	0.3	1	2
1	93909	璋坢	1000	20	0.3	1	2
1	93910	璋坢	1000	20	0.3	1	2
1	93911	璋坢	1000	20	0.3	1	2
1	93912	璋坢	1000	20	0.3	1	2
1	93945	竣栠條	700	5	0.3	1	8
1	93946	竣栠條	700	5	0.3	1	8
1	93947	卼詢	2000	5	0.3	1	7
1	93950	竣栠條	700	5	0.3	1	8
1	93951	竣栠條	700	5	0.3	1	8
1	93952	卼逜	2000	5	0.3	1	7
1	93955	竣栠條	700	5	0.3	1	8
1	93956	竣栠條	700	5	0.3	1	8
1	93957	卼嶊	2000	5	0.3	1	7
1	93960	殢條	700	5	0.3	1	8
1	93961	殢條	700	5	0.3	1	8
1	93968	殢條	700	5	0.3	1	8
1	93969	殢條	700	5	0.3	1	8
1	93981	殢條	700	5	0.3	1	8
1	93982	殢條	700	5	0.3	1	8
1	94008	殢條	700	5	0.3	1	8
1	94009	殢條	700	5	0.3	1	8
1	94010	隸翑	2000	5	0.3	1	7
1	94011	紾薳	2000	5	0.3	1	7
1	110328	奻絆茠朘	1500	8	0.3	2	4
1	120119	唹梒滅忐萸	1000	15	3	1	4
2	93901	唹梒淉泆	3000	40	0.3	1	1
10	110327	陔挔茠朘	500	5	0.3	2	4
10	110327	陔挔茠朘	500	5	0.3	2	4
10	110329	皊猿茠朘	500	5	0.3	2	4
10	110329	皊猿茠朘	500	5	0.3	2	4
